#Title, #runnumber: 6 petrale_data.ss petrale_control.ss 832.301 22.1171 7.41877 StartTime: Mon Oct 20 22:42:55 2025
SSv3_default_rebuild.dat
# Number of sexes
2
# Age range to consider (minimum age; maximum age)
0 40
# Number of fleets
2
# First year of projection (Yinit)
2015
# First Year of rebuilding period (Ydecl)
2013
# Number of simulations
1000
# Maximum number of years
500
# Conduct projections with multiple starting values (0=No;else yes)
0
# Number of parameter vectors
1000
# Is the maximum age a plus-group (1=Yes;2=No)
1
# Generate future recruitments using historical recruitments (1)  historical recruits/spawner (2)  or a stock-recruitment (3)
3
# Constant fishing mortality (1) or constant Catch (2) projections
1
# Fishing mortality based on SPR (1) or actual rate (2)
1
# Pre-specify the year of recovery (or -1) to ignore
-1
# Fecundity-at-age
# 0 1 2 3 4 5 6 7 8 9 10 11 12 13 14 15 16 17 18 19 20 21 22 23 24 25 26 27 28 29 30 31 32 33 34 35 36 37 38 39 40 #runnumber: 6 petrale_data.ss petrale_control.ss 832.301 22.1171 7.41877
 0 0 0 2.65327e-07 7.38314e-06 5.66726e-05 0.000178028 0.000345095 0.000521538 0.000689271 0.000842278 0.000979108 0.00109986 0.00120527 0.00129642 0.00137461 0.00144122 0.00149762 0.00154393 0.00158276 0.00161522 0.00164228 0.00166479 0.00168348 0.00169897 0.0017118 0.00172241 0.00173118 0.00173842 0.00174439 0.00174933 0.00175339 0.00175674 0.00175951 0.00176178 0.00176366 0.0017652 0.00176648 0.00176752 0.00176839 0.00176947 #female fecundity; weighted by N in year Y_init across morphs and areas
# Age specific selectivity and weight adjusted for discard and discard mortality
 #wt and selex for gender,fleet: 1 1 North
 0.00149415 0.0201399 0.0867999 0.198955 0.344433 0.506612 0.671586 0.829766 0.975496 1.10607 1.22077 1.32007 1.40515 1.47748 1.53858 1.58996 1.63301 1.6677 1.69548 1.71862 1.73785 1.75381 1.76703 1.77797 1.78702 1.7945 1.80067 1.80576 1.80997 1.81343 1.81629 1.81864 1.82058 1.82218 1.82349 1.82458 1.82547 1.82621 1.82681 1.82731 1.82793
 0 2.39318e-05 0.000455172 0.00373185 0.0160175 0.0442257 0.0903772 0.150254 0.216602 0.28268 0.343936 0.398076 0.444451 0.483383 0.515659 0.542216 0.563975 0.5818 0.596441 0.608445 0.618286 0.626355 0.632972 0.6384 0.642856 0.646514 0.649518 0.651987 0.654016 0.655684 0.657055 0.658183 0.659111 0.659874 0.660502 0.661018 0.661443 0.661793 0.662081 0.662318 0.662615
 #wt and selex for gender,fleet: 1 2 South
 0.00149415 0.0217076 0.0924044 0.207321 0.351852 0.508359 0.66345 0.808836 0.940463 1.0572 1.15951 1.24847 1.32532 1.3913 1.44762 1.49544 1.53584 1.56896 1.59596 1.61857 1.63743 1.65314 1.66619 1.67702 1.68599 1.69341 1.69954 1.70461 1.7088 1.71225 1.7151 1.71745 1.71938 1.72098 1.72229 1.72337 1.72426 1.725 1.7256 1.7261 1.72673
 0 2.15173e-05 0.000699805 0.0074777 0.0355973 0.0997251 0.197516 0.311686 0.423572 0.521577 0.601709 0.664709 0.71328 0.750463 0.778936 0.800835 0.817787 0.831357 0.84236 0.851088 0.858046 0.86362 0.868104 0.871724 0.874655 0.877036 0.878973 0.880553 0.881843 0.882898 0.883762 0.88447 0.885051 0.885528 0.885919 0.886241 0.886505 0.886722 0.8869 0.887047 0.887231
 #wt and selex for gender,fleet: 2 1 North
 0.00169473 0.0332841 0.10901 0.203647 0.301083 0.390662 0.468217 0.533537 0.58817 0.633831 0.671873 0.703361 0.729212 0.750262 0.767278 0.780947 0.791873 0.800408 0.807043 0.812299 0.816454 0.819732 0.822315 0.824348 0.825947 0.827204 0.828191 0.828966 0.829575 0.830052 0.830427 0.83072 0.830951 0.831132 0.831273 0.831385 0.831472 0.83154 0.831594 0.831636 0.831682
 0 6.24505e-09 1.09559e-05 0.00125354 0.0186609 0.0881251 0.216867 0.367638 0.503345 0.609461 0.687035 0.742298 0.781515 0.809537 0.829785 0.844597 0.855561 0.863971 0.870508 0.875485 0.879297 0.882229 0.884494 0.886249 0.887612 0.888673 0.8895 0.890145 0.89065 0.891044 0.891352 0.891593 0.891782 0.89193 0.892046 0.892137 0.892208 0.892264 0.892308 0.892342 0.89238
 #wt and selex for gender,fleet: 2 2 South
 0.00169473 0.0285222 0.128342 0.214166 0.291685 0.358554 0.419596 0.477635 0.531852 0.580546 0.622722 0.658268 0.68765 0.711607 0.730949 0.746455 0.758821 0.768563 0.77621 0.782255 0.787026 0.790784 0.793743 0.796069 0.797898 0.799334 0.800461 0.801346 0.802041 0.802586 0.803013 0.803348 0.803611 0.803818 0.803979 0.804106 0.804205 0.804283 0.804345 0.804393 0.804445
 0 4.43959e-09 1.57529e-05 0.00500882 0.0823883 0.310494 0.571875 0.755405 0.859581 0.915116 0.945008 0.961755 0.971612 0.977702 0.981633 0.984267 0.986088 0.987462 0.988522 0.989298 0.989874 0.990307 0.990635 0.990886 0.991078 0.991226 0.991341 0.99143 0.991499 0.991553 0.991595 0.991628 0.991654 0.991674 0.99169 0.991702 0.991712 0.991719 0.991725 0.99173 0.991735
# Sex ratio correction
1
# M and current age-structure in year Yinit: 2015
 # gender = 1
 0.148099 0.148099 0.148099 0.148099 0.148099 0.148099 0.148099 0.148099 0.148099 0.148099 0.148099 0.148099 0.148099 0.148099 0.148099 0.148099 0.148099 0.148099 0.148099 0.148099 0.148099 0.148099 0.148099 0.148099 0.148099 0.148099 0.148099 0.148099 0.148099 0.148099 0.148099 0.148099 0.148099 0.148099 0.148099 0.148099 0.148099 0.148099 0.148099 0.148099 0.148099
 7370.27 5652.65 3735.53 6214.06 3146.09 2521.81 2496.05 4920.67 3706.33 2986.78 1035.74 602.28 318.4 199.865 102.967 71.2896 43.3476 37.5556 8.87887 3.98114 2.29954 1.02192 0.666201 0.145632 0.0869903 0.0480674 0.0204024 0.00782416 0.00237541 0.000626497 0.000349868 0.00019182 6.09927e-05 1.15019e-05 3.28292e-06 1.14957e-06 3.00469e-07 6.56148e-08 2.93723e-08 1.42651e-08 5.58263e-09
 # gender = 2
 0.1602 0.1602 0.1602 0.1602 0.1602 0.1602 0.1602 0.1602 0.1602 0.1602 0.1602 0.1602 0.1602 0.1602 0.1602 0.1602 0.1602 0.1602 0.1602 0.1602 0.1602 0.1602 0.1602 0.1602 0.1602 0.1602 0.1602 0.1602 0.1602 0.1602 0.1602 0.1602 0.1602 0.1602 0.1602 0.1602 0.1602 0.1602 0.1602 0.1602 0.1602
 7370.27 5584.66 3646.34 5995.58 3003.89 2367.21 2248.39 4130 2845.06 2075.06 634.977 306.708 125.418 58.5396 22.331 11.648 5.4914 3.73697 0.693243 0.245532 0.114626 0.0425104 0.0232701 0.00416889 0.00202291 0.0009222 0.000325196 0.000102427 2.51764e-05 5.23537e-06 2.20293e-06 8.61693e-07 1.85934e-07 2.32608e-08 4.54335e-09 1.17559e-09 2.46226e-10 4.63663e-11 1.90571e-11 8.7992e-12 3.27556e-12
# Age-structure at Ydeclare= 2013
 5023.49 8360.7 4246.09 3440.67 3489.16 7153.29 5664.84 4820.73 1762.83 1075.55 592.696 385.226 204.237 144.749 89.7002 78.9171 18.8915 8.55733 4.98405 2.22998 1.46181 0.320996 0.19245 0.106661 0.0453848 0.01744 0.00530359 0.00140069 0.000783092 0.000429737 0.000136746 2.58033e-05 7.36866e-06 2.58134e-06 6.74932e-07 1.4743e-07 6.60121e-08 3.20659e-08 8.75276e-09 2.44032e-09 1.35861e-09
 5023.49 8260.14 4144.68 3319.28 3330.1 6731.59 5176.64 4166.14 1376.1 702.356 298.492 143.107 55.6252 29.4035 13.9957 9.59119 1.7886 0.636048 0.29786 0.110727 0.0607215 0.0108936 0.00529168 0.00241437 0.000851934 0.000268469 6.60153e-05 1.37319e-05 5.77948e-06 2.26111e-06 4.87969e-07 6.1053e-08 1.19261e-08 3.0861e-09 6.46413e-10 1.2173e-10 5.0034e-11 2.31028e-11 6.08144e-12 1.64672e-12 8.72241e-13
# Year for Tmin Age-structure (set to Ydecl by SS)
2013
#  recruitment and biomass
# Number of historical assessment years
148
# Historical data
# year recruitment spawner in B0 in R project in R/S project
1875  1876 1877 1878 1879 1880 1881 1882 1883 1884 1885 1886 1887 1888 1889 1890 1891 1892 1893 1894 1895 1896 1897 1898 1899 1900 1901 1902 1903 1904 1905 1906 1907 1908 1909 1910 1911 1912 1913 1914 1915 1916 1917 1918 1919 1920 1921 1922 1923 1924 1925 1926 1927 1928 1929 1930 1931 1932 1933 1934 1935 1936 1937 1938 1939 1940 1941 1942 1943 1944 1945 1946 1947 1948 1949 1950 1951 1952 1953 1954 1955 1956 1957 1958 1959 1960 1961 1962 1963 1964 1965 1966 1967 1968 1969 1970 1971 1972 1973 1974 1975 1976 1977 1978 1979 1980 1981 1982 1983 1984 1985 1986 1987 1988 1989 1990 1991 1992 1993 1994 1995 1996 1997 1998 1999 2000 2001 2002 2003 2004 2005 2006 2007 2008 2009 2010 2011 2012 2013 2014 2015 2016 2017 2018 2019 2020 2021 2022 #years (with first value representing R0)
16256.7 16262 16262 16262.1 16262.2 16262.3 16262.2 16261.8 16261.2 16260.5 16259.6 16258.5 16257.3 16255.9 16254.5 16253 16251.4 16249.8 16248.1 16246.4 16244.8 16243.1 16241.4 16239.8 16238.3 16236.9 16235.5 16234.3 16233.2 16232.3 16231.6 16231.2 16230.9 16231 16231.5 16232.3 16233.6 16235.3 16237.7 16240.6 16244.2 16248.6 16253.9 16256.4 16263.4 16274.6 16290.5 16306.1 16319.6 16335.4 16350.5 16368.9 16391.1 16414.6 16444.5 16479.4 16525.5 16584.1 16657.9 16746.7 16808.5 16823.1 16748.6 16481 15949 15136.4 14199.2 13396.6 13002.5 13263.9 13916.2 13993.3 13638.8 13357.6 13221.9 13385.4 13510.5 13350.4 12999.9 12747.8 12252.4 11587.6 11465.1 12819.2 17330.8 21319.3 14914.9 12534.6 13677.9 13379.7 41684.2 21630.8 9520.66 7492.58 7642.73 9147.16 10489.3 9223.31 8602.37 9994.66 12419.6 14989.1 9720.36 6581.4 8896.62 9937.7 8301.56 8641.97 14108.8 14280.8 8867.21 5727.85 8261.13 10838 11702 11782.4 9351.61 7030.15 14775.3 10617.5 11344.5 9421.71 10202.6 21320 12451 10694.7 8411.21 9380.53 9162.17 11402.5 13799.7 29621.3 28537 30351.7 12653.9 10735 11420.1 19390.6 10047 13109.9 14740.5 10880.4 10671.2 15133.4 11291.8 11527.7 14006.2 14674.2  #recruits; first value is R0 (virgin)
22.1171  22.1173 22.1168 22.1163 22.1159 22.1154 22.1094 22.0981 22.0819 22.0611 22.036 22.0071 21.9746 21.939 21.9006 21.8596 21.8163 21.771 21.7239 21.6752 21.6251 21.5737 21.5211 21.4675 21.4131 21.3579 21.302 21.2456 21.1886 21.1311 21.0733 21.0151 20.9567 20.8979 20.839 20.78 20.7208 20.6615 20.6022 20.5429 20.4836 20.4244 20.368 20.2422 20.1803 20.1737 20.2267 20.2467 20.1977 20.1508 20.0512 19.9604 19.8807 19.7497 19.6358 19.4863 19.3753 19.2882 19.238 19.2636 18.9243 18.7138 18.7153 18.5305 18.3066 17.907 17.6755 17.5636 17.0157 16.4242 16.1989 16.0011 15.1112 14.4535 12.7449 11.6534 10.4532 9.91709 9.51221 9.25881 8.74173 8.3765 8.26273 7.80735 7.52162 7.44528 7.24271 6.83524 6.38264 6.01073 6.07755 6.32821 6.53275 6.72159 6.91026 7.27995 7.81124 8.30873 8.4621 8.14416 7.16713 6.05258 5.21055 4.60511 3.65712 2.82699 2.4201 2.2977 1.93902 1.75107 1.68022 1.5848 1.53681 1.3987 1.40629 1.45186 1.50395 1.36103 1.32846 1.42195 1.67005 1.86247 1.94114 1.93691 2.15851 2.42646 2.54323 2.64612 2.82519 3.05596 3.3686 3.27822 3.04076 2.82556 2.60588 2.64793 3.41612 4.6777 6.31993 7.70604 8.73236 9.21287 9.32653 9.13731 8.83925 8.57484 8.50465 8.01479 #SSBio; first value is SSB_virgin (virgin)
1 0 0 0 0 0 0 0 0 0 0 0 0 0 0 0 0 0 0 0 0 0 0 0 0 0 0 0 0 0 0 0 0 0 0 0 0 0 0 0 0 0 0 0 0 0 0 0 0 0 0 0 0 0 0 0 0 0 0 0 0 0 0 0 0 0 0 0 0 0 0 0 0 0 0 0 0 0 0 0 0 0 0 0 0 0 0 0 0 0 0 0 0 0 0 0 0 0 0 0 0 0 0 0 0 0 0 0 0 0 0 0 0 0 0 0 0 0 0 0 0 0 0 0 0 0 0 0 0 0 0 0 0 0 0 0 0 0 0 0 0 0 0 0 0 0 0 0  # in Bzero
0 1 1 1 1 1 1 1 1 1 1 1 1 1 1 1 1 1 1 1 1 1 1 1 1 1 1 1 1 1 1 1 1 1 1 1 1 1 1 1 1 1 1 1 1 1 1 1 1 1 1 1 1 1 1 1 1 1 1 1 1 1 1 1 1 1 1 1 1 1 1 1 1 1 1 1 1 1 1 1 1 1 1 1 1 1 1 1 1 1 1 1 1 1 1 1 1 1 1 1 1 1 1 1 1 1 1 1 1 1 1 1 1 1 1 1 1 1 1 1 1 1 1 1 1 1 1 1 1 1 1 1 1 1 1 1 1 1 1 1 1 1 1 1 1  0 0 0 # in R project
0 1 1 1 1 1 1 1 1 1 1 1 1 1 1 1 1 1 1 1 1 1 1 1 1 1 1 1 1 1 1 1 1 1 1 1 1 1 1 1 1 1 1 1 1 1 1 1 1 1 1 1 1 1 1 1 1 1 1 1 1 1 1 1 1 1 1 1 1 1 1 1 1 1 1 1 1 1 1 1 1 1 1 1 1 1 1 1 1 1 1 1 1 1 1 1 1 1 1 1 1 1 1 1 1 1 1 1 1 1 1 1 1 1 1 1 1 1 1 1 1 1 1 1 1 1 1 1 1 1 1 1 1 1 1 1 1 1 1 1 1 1 1 1 1  0 0 0 # in R/S project
# Number of years with pre-specified catches
0
# catches for years with pre-specified catches go next
# Number of future recruitments to override
2
# Process for overiding (-1 for average otherwise index in data list)
2014 1 2014
2015 1 2015
# Which probability to product detailed results for (1=0.5; 2=0.6; etc.)
3
# Steepness sigma-R Auto-correlation
0.8 0.5 0
# Target SPR rate (FMSY Proxy); manually change to SPR_MSY if not using SPR_target
0.3
# Discount rate (for cumulative catch)
0.1
# Truncate the series when 0.4B0 is reached (1=Yes)
0
# Set F to FMSY once 0.4B0 is reached (1=Yes)
0
# Maximum possible F for projection (-1 to set to FMSY)
-1
# Defintion of recovery (1=now only;2=now or before)
2
# Projection type
4
# Definition of the 40-10 rule
10 40
# Sigma Assessment Error (Base, Year1, Slope, MaxSigma)
1.0 2023 0.075 2.0
# Pstar
0.45
# Constrain catches by the ABC (1=yes, 2=no)
2
# Implementation Error (0=no; 1=lognormal; 2=uniform)
0
#Parameters of Implementaion Error
1 0.3
# Calculate coefficients of variation (1=Yes)
0
# Number of replicates to use
10
# Random number seed
-99004
# File with multiple parameter vectors 
rebuild.SSO
# User-specific projection (1=Yes); Output replaced (1->9)
0  5
# Catches and Fs (Year; 1/2/3 (F or C or SPR); value); Final row is -1
2022 1 1
-1 -1 -1
# Fixed catch project (1=Yes); Output replaced (1->9); Approach (-1=Read in else 1-9)
0 2 -1
# (48a) Special catch options (1-Yes) [CUT_OFF, Emsy, distribution, MAXCAT, Add, replace_code]
0 0.18 1.00 1.00 0 6
# (48b) B1Target
150000
# Split of Fs
2015  0.44562
 0.55438
-1  1 1 1 1
# Yrs to define T_target for projection type 4 (a.k.a. 5 pre-specified inputs)
2028 2029 2030 2031 2032 
# Year for probability of recovery
2032 2033 2034 2035 2036 2037 2038 2039
# Time varying weight-at-age (1=Yes;0=No)
0
# File with time series of weight-at-age data
none
# Use bisection (0) or linear interpolation (1)
1
# Target Depletion
0.4
# CV of implementation error
0
