#Title, #runnumber: 3 petrale_data.ss petrale_control.ss 1173.46 13.7451 5.14001 StartTime: Mon Jun  9 15:49:50 2025
SSv3_default_rebuild.dat
# Number of sexes
2
# Age range to consider (minimum age; maximum age)
0 40
# Number of fleets
2
# First year of projection (Yinit)
2015
# First Year of rebuilding period (Ydecl)
2013
# Number of simulations
1000
# Maximum number of years
500
# Conduct projections with multiple starting values (0=No;else yes)
0
# Number of parameter vectors
1000
# Is the maximum age a plus-group (1=Yes;2=No)
1
# Generate future recruitments using historical recruitments (1)  historical recruits/spawner (2)  or a stock-recruitment (3)
3
# Constant fishing mortality (1) or constant Catch (2) projections
1
# Fishing mortality based on SPR (1) or actual rate (2)
1
# Pre-specify the year of recovery (or -1) to ignore
-1
# Fecundity-at-age
# 0 1 2 3 4 5 6 7 8 9 10 11 12 13 14 15 16 17 18 19 20 21 22 23 24 25 26 27 28 29 30 31 32 33 34 35 36 37 38 39 40 #runnumber: 3 petrale_data.ss petrale_control.ss 1173.46 13.7451 5.14001
 0 0 0 2.24146e-07 8.56894e-06 5.45064e-05 0.00014318 0.000250664 0.000357471 0.000454231 0.000537669 0.000607493 0.000664766 0.000711085 0.000748155 0.000777594 0.000800836 0.000819102 0.00083207 0.000842196 0.000850089 0.000856232 0.000861006 0.000864714 0.000867592 0.000869824 0.000871554 0.000872895 0.000873934 0.000874739 0.000875363 0.000875846 0.00087622 0.000876509 0.000876734 0.000876907 0.000877042 0.000877146 0.000877226 0.000877289 0.000877356 #female fecundity; weighted by N in year Y_init across morphs and areas
# Age specific selectivity and weight adjusted for discard and discard mortality
 #wt and selex for gender,fleet: 1 1 North
 0.000472842 0.00932289 0.0856018 0.235535 0.422378 0.607955 0.772506 0.910137 1.02188 1.11124 1.18211 1.23802 1.28197 1.3164 1.34332 1.36432 1.38067 1.39183 1.39914 1.40482 1.40924 1.41266 1.41532 1.41738 1.41898 1.42022 1.42117 1.42192 1.42249 1.42294 1.42328 1.42355 1.42376 1.42392 1.42404 1.42414 1.42421 1.42427 1.42432 1.42435 1.42439
 0 1.35353e-06 8.21273e-05 0.00172791 0.0111458 0.035284 0.0732029 0.117754 0.1619 0.201502 0.235015 0.262414 0.28436 0.30172 0.315349 0.325997 0.334292 0.340544 0.345237 0.348889 0.351728 0.353931 0.355641 0.356968 0.357996 0.358792 0.35941 0.359888 0.360258 0.360545 0.360767 0.360939 0.361072 0.361175 0.361255 0.361317 0.361365 0.361402 0.361431 0.361453 0.361477
 #wt and selex for gender,fleet: 1 2 South
 0.000472842 0.00949515 0.0980945 0.259387 0.44248 0.609317 0.748173 0.860579 0.951149 1.02402 1.08248 1.12916 1.16624 1.19557 1.21867 1.23679 1.25098 1.26082 1.26741 1.27254 1.27654 1.27964 1.28205 1.28392 1.28537 1.2865 1.28737 1.28804 1.28857 1.28897 1.28928 1.28953 1.28972 1.28986 1.28997 1.29006 1.29013 1.29018 1.29022 1.29025 1.29029
 0 4.06822e-07 8.02727e-05 0.00299749 0.0230592 0.0740117 0.147224 0.224329 0.293324 0.35015 0.395072 0.4299 0.456675 0.477198 0.492923 0.504981 0.514241 0.521373 0.526894 0.531167 0.534473 0.537032 0.539013 0.540545 0.541732 0.54265 0.543361 0.543911 0.544337 0.544667 0.544922 0.545119 0.545272 0.545391 0.545483 0.545554 0.545609 0.545651 0.545684 0.545709 0.545737
 #wt and selex for gender,fleet: 2 1 North
 0.000581672 0.00949041 0.0928491 0.20638 0.317722 0.410336 0.483065 0.539977 0.584976 0.620708 0.648994 0.671241 0.688611 0.702081 0.71247 0.720444 0.726544 0.730928 0.734033 0.736396 0.73819 0.739552 0.740584 0.741365 0.741957 0.742405 0.742744 0.743 0.743194 0.743341 0.743452 0.743535 0.743599 0.743647 0.743683 0.74371 0.743731 0.743747 0.743758 0.743767 0.743777
 0 2.77765e-09 6.31832e-07 0.000439999 0.0121003 0.0675745 0.170514 0.286684 0.389089 0.469517 0.529609 0.573684 0.605881 0.629455 0.64679 0.659601 0.669111 0.676348 0.681901 0.686073 0.689212 0.691576 0.693358 0.694703 0.695717 0.696483 0.697062 0.697499 0.697829 0.698079 0.698267 0.69841 0.698517 0.698599 0.69866 0.698707 0.698742 0.698768 0.698789 0.698804 0.698819
 #wt and selex for gender,fleet: 2 2 South
 0.000581672 0.00945698 0.106121 0.212147 0.300538 0.368878 0.425522 0.474689 0.517122 0.552843 0.582159 0.605723 0.624368 0.638949 0.650253 0.658961 0.665637 0.670544 0.67412 0.676842 0.67891 0.68048 0.681671 0.682573 0.683256 0.683773 0.684164 0.68446 0.684683 0.684853 0.684981 0.685077 0.685151 0.685206 0.685248 0.685279 0.685303 0.685321 0.685335 0.685345 0.685356
 0 3.14703e-09 1.24403e-06 0.00205826 0.0513536 0.213922 0.413842 0.572627 0.67977 0.748992 0.793892 0.823612 0.843755 0.857712 0.867566 0.87463 0.879757 0.883765 0.886941 0.889301 0.891062 0.89238 0.893368 0.894111 0.89467 0.895092 0.895409 0.895649 0.89583 0.895966 0.89607 0.896148 0.896206 0.896251 0.896285 0.89631 0.896329 0.896344 0.896355 0.896363 0.896372
# Sex ratio correction
1
# M and current age-structure in year Yinit: 2015
 # gender = 1
 0.136518 0.136518 0.136518 0.136518 0.136518 0.136518 0.136518 0.136518 0.136518 0.136518 0.136518 0.136518 0.136518 0.136518 0.136518 0.136518 0.136518 0.136518 0.136518 0.136518 0.136518 0.136518 0.136518 0.136518 0.136518 0.136518 0.136518 0.136518 0.136518 0.136518 0.136518 0.136518 0.136518 0.136518 0.136518 0.136518 0.136518 0.136518 0.136518 0.136518 0.136518
 6934.54 4391.3 3916.54 5124.7 3800.88 2333.45 2328.44 4604.27 4340.78 3707.48 1262.1 717.721 391.952 224.858 159.735 84.0263 67.2165 64.7743 15.7542 7.37381 5.55406 2.24099 1.93866 0.481753 0.271515 0.185822 0.0843811 0.0368589 0.0134886 0.00342062 0.00197317 0.00140718 0.000496666 0.000105826 3.56245e-05 1.53779e-05 4.90276e-06 1.25197e-06 6.27395e-07 3.6707e-07 1.75549e-07
 # gender = 2
 0.152965 0.152965 0.152965 0.152965 0.152965 0.152965 0.152965 0.152965 0.152965 0.152965 0.152965 0.152965 0.152965 0.152965 0.152965 0.152965 0.152965 0.152965 0.152965 0.152965 0.152965 0.152965 0.152965 0.152965 0.152965 0.152965 0.152965 0.152965 0.152965 0.152965 0.152965 0.152965 0.152965 0.152965 0.152965 0.152965 0.152965 0.152965 0.152965 0.152965 0.152965
 6934.54 4319.67 3789.82 4878.45 3562.12 2142.46 2047.77 3762.29 3226.56 2474.14 736.843 344.357 142.678 58.6431 28.9525 10.4775 5.80874 3.85518 0.633455 0.198474 0.100947 0.028104 0.0167363 0.002774 0.00102617 0.000464104 0.000139705 4.00509e-05 9.37391e-06 1.45418e-06 4.89249e-07 1.93363e-07 3.58302e-08 3.86739e-09 6.62772e-10 1.53456e-10 2.80071e-11 4.34509e-12 1.42014e-12 5.68222e-13 1.58998e-13
# Age-structure at Ydeclare= 2013
 5146.15 6734.25 5002.14 3096.01 3157.09 6471.47 6373.69 5687.9 2013.96 1183.8 664.047 389.152 281.104 149.809 121.058 117.579 28.7702 13.528 10.2254 4.13708 3.58655 0.892714 0.503772 0.345116 0.156836 0.0685489 0.0250971 0.00636672 0.00367362 0.00262042 0.000925036 0.000197125 6.63654e-05 2.86498e-05 9.13466e-06 2.33273e-06 1.16904e-06 6.83987e-07 2.11832e-07 6.80194e-08 4.72718e-08
 5146.15 6624.4 4840.28 2947.17 2958.26 5953.65 5675.62 4780.09 1530.98 754.567 324.79 137.185 69.0707 25.3536 14.2029 9.49855 1.5697 0.493986 0.252095 0.0703609 0.0419801 0.00696804 0.00258041 0.00116798 0.000351803 0.000100902 2.36243e-05 3.66582e-06 1.23358e-06 4.87615e-07 9.03653e-08 9.75454e-09 1.67179e-09 3.87098e-10 7.06516e-11 1.09614e-11 3.58266e-12 1.43351e-12 3.07057e-13 6.82899e-14 2.5778e-14
# Year for Tmin Age-structure (set to Ydecl by SS)
2013
#  recruitment and biomass
# Number of historical assessment years
148
# Historical data
# year recruitment spawner in B0 in R project in R/S project
1875  1876 1877 1878 1879 1880 1881 1882 1883 1884 1885 1886 1887 1888 1889 1890 1891 1892 1893 1894 1895 1896 1897 1898 1899 1900 1901 1902 1903 1904 1905 1906 1907 1908 1909 1910 1911 1912 1913 1914 1915 1916 1917 1918 1919 1920 1921 1922 1923 1924 1925 1926 1927 1928 1929 1930 1931 1932 1933 1934 1935 1936 1937 1938 1939 1940 1941 1942 1943 1944 1945 1946 1947 1948 1949 1950 1951 1952 1953 1954 1955 1956 1957 1958 1959 1960 1961 1962 1963 1964 1965 1966 1967 1968 1969 1970 1971 1972 1973 1974 1975 1976 1977 1978 1979 1980 1981 1982 1983 1984 1985 1986 1987 1988 1989 1990 1991 1992 1993 1994 1995 1996 1997 1998 1999 2000 2001 2002 2003 2004 2005 2006 2007 2008 2009 2010 2011 2012 2013 2014 2015 2016 2017 2018 2019 2020 2021 2022 #years (with first value representing R0)
14273.8 14281.4 14281 14282.1 14281.7 14281.3 14281.2 14281.3 14281.8 14279.6 14279.7 14279.6 14277.8 14277.1 14276.4 14275 14273.8 14273 14271.6 14270.7 14269.7 14268.6 14268.2 14266.8 14266.4 14265.6 14265 14264.6 14264.6 14264.4 14265.5 14266.3 14267.5 14269.4 14271.5 14273.8 14276.8 14280.7 14285.3 14290.2 14296.6 14304.3 14313.2 14317.8 14328.6 14344.5 14365.3 14387.2 14403.8 14427.6 14446.9 14475 14505.5 14536.1 14578.7 14624 14673.1 14742.1 14806.7 14889.1 14940.9 14941.3 14865.6 14641.7 14219.1 13567.3 12809.1 12176.8 11921.4 12258.3 12865.6 12962.3 12598.8 12203.5 11859.2 11769.7 11800 11780.4 11592.7 11440.3 11170.9 10820.2 10745 11621.5 14473.9 16688.5 12976.1 10497 10733 12232.5 37321.8 25759.3 9661.64 6965.05 6428.41 7272.32 8278.91 7712.06 7551.65 8674.59 10654.3 13078.4 8271.89 5985.53 8352.37 9208.37 7432.62 7665.78 12647.4 13021.8 6965.07 4854.72 8095.81 9809.96 10386.2 10926 7806.43 6914.31 14220.1 8594.51 11297.1 8010.29 9212.89 20654.6 11890.7 8423.84 9329.22 7957.06 8864.78 11052.5 14115.7 31816.4 29713.7 25805.7 10914.1 9326.77 13145.1 15438.6 10292.3 10067.3 13869.1 7911.06 6976.61 8767.46 13721.3 13092 13111.8 13157  #recruits; first value is R0 (virgin)
13.7451  13.7453 13.745 13.7447 13.7445 13.7442 13.7405 13.7335 13.7234 13.7105 13.6951 13.6772 13.6573 13.6354 13.6118 13.5867 13.5602 13.5325 13.5036 13.4738 13.4431 13.4117 13.3795 13.3466 13.3133 13.2795 13.2452 13.2106 13.1757 13.1405 13.1051 13.0694 13.0336 12.9977 12.9616 12.9255 12.8893 12.8531 12.8169 12.7808 12.7449 12.709 12.675 12.5964 12.5594 12.5581 12.5949 12.6099 12.5802 12.552 12.4902 12.4349 12.3875 12.3077 12.2397 12.1495 12.085 12.0371 12.0142 12.0406 11.8315 11.7076 11.7227 11.6199 11.4885 11.2518 11.1315 11.0909 10.8031 10.4722 10.3373 10.2119 9.65369 9.22642 8.15174 7.45363 6.71883 6.41874 6.19587 6.05051 5.72674 5.49436 5.41916 5.12329 4.93344 4.88145 4.76285 4.51258 4.25141 4.03742 4.0835 4.20771 4.27333 4.32249 4.40405 4.70061 5.15689 5.59558 5.78813 5.61717 4.97592 4.20223 3.57487 3.11465 2.44187 1.86086 1.59384 1.5223 1.29961 1.18537 1.15964 1.11262 1.09246 1.01549 1.03315 1.04813 1.05034 0.937262 0.931342 1.02053 1.20427 1.33001 1.37271 1.38413 1.54953 1.73562 1.80921 1.87907 2.0339 2.22402 2.43718 2.36542 2.19945 2.05875 1.93624 2.04272 2.73058 3.8116 5.0962 6.08635 6.73953 7.01975 7.06423 6.88615 6.62175 6.36712 6.2061 5.72894 #spbio; first value is SSB_virgin (virgin)
1 0 0 0 0 0 0 0 0 0 0 0 0 0 0 0 0 0 0 0 0 0 0 0 0 0 0 0 0 0 0 0 0 0 0 0 0 0 0 0 0 0 0 0 0 0 0 0 0 0 0 0 0 0 0 0 0 0 0 0 0 0 0 0 0 0 0 0 0 0 0 0 0 0 0 0 0 0 0 0 0 0 0 0 0 0 0 0 0 0 0 0 0 0 0 0 0 0 0 0 0 0 0 0 0 0 0 0 0 0 0 0 0 0 0 0 0 0 0 0 0 0 0 0 0 0 0 0 0 0 0 0 0 0 0 0 0 0 0 0 0 0 0 0 0 0 0 0  # in Bzero
0 1 1 1 1 1 1 1 1 1 1 1 1 1 1 1 1 1 1 1 1 1 1 1 1 1 1 1 1 1 1 1 1 1 1 1 1 1 1 1 1 1 1 1 1 1 1 1 1 1 1 1 1 1 1 1 1 1 1 1 1 1 1 1 1 1 1 1 1 1 1 1 1 1 1 1 1 1 1 1 1 1 1 1 1 1 1 1 1 1 1 1 1 1 1 1 1 1 1 1 1 1 1 1 1 1 1 1 1 1 1 1 1 1 1 1 1 1 1 1 1 1 1 1 1 1 1 1 1 1 1 1 1 1 1 1 1 1 1 1 1 1 1 1 1  0 0 0 # in R project
0 1 1 1 1 1 1 1 1 1 1 1 1 1 1 1 1 1 1 1 1 1 1 1 1 1 1 1 1 1 1 1 1 1 1 1 1 1 1 1 1 1 1 1 1 1 1 1 1 1 1 1 1 1 1 1 1 1 1 1 1 1 1 1 1 1 1 1 1 1 1 1 1 1 1 1 1 1 1 1 1 1 1 1 1 1 1 1 1 1 1 1 1 1 1 1 1 1 1 1 1 1 1 1 1 1 1 1 1 1 1 1 1 1 1 1 1 1 1 1 1 1 1 1 1 1 1 1 1 1 1 1 1 1 1 1 1 1 1 1 1 1 1 1 1  0 0 0 # in R/S project
# Number of years with pre-specified catches
0
# catches for years with pre-specified catches go next
# Number of future recruitments to override
2
# Process for overiding (-1 for average otherwise index in data list)
2014 1 2014
2015 1 2015
# Which probability to product detailed results for (1=0.5; 2=0.6; etc.)
3
# Steepness sigma-R Auto-correlation
0.8 0.5 0
# Target SPR rate (FMSY Proxy); manually change to SPR_MSY if not using SPR_target
0.3
# Discount rate (for cumulative catch)
0.1
# Truncate the series when 0.4B0 is reached (1=Yes)
0
# Set F to FMSY once 0.4B0 is reached (1=Yes)
0
# Maximum possible F for projection (-1 to set to FMSY)
-1
# Defintion of recovery (1=now only;2=now or before)
2
# Projection type
4
# Definition of the 40-10 rule
10 40
# Sigma Assessment Error (Base, Year1, Slope, MaxSigma)
1.0 2023 0.075 2.0
# Pstar
0.45
# Constrain catches by the ABC (1=yes, 2=no)
2
# Implementation Error (0=no; 1=lognormal; 2=uniform)
0
#Parameters of Implementaion Error
1 0.3
# Calculate coefficients of variation (1=Yes)
0
# Number of replicates to use
10
# Random number seed
-99004
# File with multiple parameter vectors 
rebuild.SSO
# User-specific projection (1=Yes); Output replaced (1->9)
0  5
# Catches and Fs (Year; 1/2/3 (F or C or SPR); value); Final row is -1
2022 1 1
-1 -1 -1
# Fixed catch project (1=Yes); Output replaced (1->9); Approach (-1=Read in else 1-9)
0 2 -1
# (48a) Special catch options (1-Yes) [CUT_OFF, Emsy, distribution, MAXCAT, Add, replace_code]
0 0.18 1.00 1.00 0 6
# (48b) B1Target
150000
# Split of Fs
2015  0.44562
 0.55438
-1  1 1 1 1
# Yrs to define T_target for projection type 4 (a.k.a. 5 pre-specified inputs)
2028 2029 2030 2031 2032 
# Year for probability of recovery
2032 2033 2034 2035 2036 2037 2038 2039
# Time varying weight-at-age (1=Yes;0=No)
0
# File with time series of weight-at-age data
none
# Use bisection (0) or linear interpolation (1)
1
# Target Depletion
0.4
# CV of implementation error
0
