#Title, #runnumber: 3 petrale_data.ss petrale_control.ss 867.828 21.065 7.32306 StartTime: Wed Jun 18 19:58:55 2025
SSv3_default_rebuild.dat
# Number of sexes
2
# Age range to consider (minimum age; maximum age)
0 40
# Number of fleets
2
# First year of projection (Yinit)
2015
# First Year of rebuilding period (Ydecl)
2013
# Number of simulations
1000
# Maximum number of years
500
# Conduct projections with multiple starting values (0=No;else yes)
0
# Number of parameter vectors
1000
# Is the maximum age a plus-group (1=Yes;2=No)
1
# Generate future recruitments using historical recruitments (1)  historical recruits/spawner (2)  or a stock-recruitment (3)
3
# Constant fishing mortality (1) or constant Catch (2) projections
1
# Fishing mortality based on SPR (1) or actual rate (2)
1
# Pre-specify the year of recovery (or -1) to ignore
-1
# Fecundity-at-age
# 0 1 2 3 4 5 6 7 8 9 10 11 12 13 14 15 16 17 18 19 20 21 22 23 24 25 26 27 28 29 30 31 32 33 34 35 36 37 38 39 40 #runnumber: 3 petrale_data.ss petrale_control.ss 867.828 21.065 7.32306
 0 0 0 2.45195e-07 6.99755e-06 5.50046e-05 0.000174539 0.000339775 0.000514763 0.000681545 0.000834054 0.000970738 0.00109161 0.00119732 0.00128892 0.00136763 0.00143479 0.00149178 0.0015385 0.00157775 0.00161061 0.00163805 0.00166091 0.00167992 0.0016957 0.00170879 0.00171963 0.00172861 0.00173603 0.00174216 0.00174723 0.00175142 0.00175488 0.00175773 0.00176008 0.00176202 0.00176363 0.00176495 0.00176604 0.00176694 0.00176807 #female fecundity; weighted by N in year Y_init across morphs and areas
# Age specific selectivity and weight adjusted for discard and discard mortality
 #wt and selex for gender,fleet: 1 1 North
 0.00138653 0.0196166 0.0846256 0.195423 0.340164 0.502299 0.667771 0.826805 0.973585 1.10529 1.22113 1.32154 1.40767 1.48096 1.54296 1.59515 1.63893 1.6741 1.70216 1.72557 1.74505 1.76124 1.77468 1.78581 1.79503 1.80266 1.80897 1.81419 1.81849 1.82205 1.82499 1.82741 1.82941 1.83106 1.83242 1.83354 1.83447 1.83523 1.83586 1.83638 1.83703
 0 3.39194e-05 0.000563731 0.00423383 0.017227 0.0460231 0.0921407 0.151234 0.216275 0.280851 0.340665 0.393561 0.438934 0.477095 0.508798 0.534939 0.556403 0.574017 0.588509 0.600418 0.610201 0.618238 0.624841 0.630269 0.634731 0.638401 0.64142 0.643904 0.645949 0.647633 0.64902 0.650162 0.651103 0.651878 0.652516 0.653042 0.653476 0.653833 0.654128 0.654371 0.654676
 #wt and selex for gender,fleet: 1 2 South
 0.00138653 0.0210936 0.0904602 0.20488 0.349655 0.506822 0.662661 0.808698 0.940819 1.05792 1.16051 1.24972 1.32681 1.39305 1.44964 1.49775 1.53844 1.57173 1.59881 1.62151 1.64048 1.65631 1.66947 1.68041 1.68949 1.69702 1.70324 1.7084 1.71266 1.71618 1.71909 1.72149 1.72347 1.72511 1.72646 1.72758 1.72849 1.72925 1.72988 1.73039 1.73104
 0 2.524e-05 0.00076248 0.00781094 0.0363443 0.100518 0.197631 0.310574 0.421105 0.517946 0.597231 0.659692 0.707967 0.74502 0.77347 0.795409 0.812434 0.826121 0.83727 0.846136 0.85322 0.858906 0.863489 0.867196 0.870203 0.872649 0.874643 0.876272 0.877604 0.878695 0.879589 0.880324 0.880927 0.881422 0.88183 0.882165 0.882441 0.882668 0.882855 0.883009 0.883203
 #wt and selex for gender,fleet: 2 1 North
 0.00174399 0.0338292 0.108237 0.202021 0.299087 0.388825 0.466918 0.532977 0.588438 0.634968 0.673889 0.70624 0.732912 0.754722 0.772425 0.786704 0.798161 0.807151 0.814169 0.81975 0.824177 0.827683 0.830455 0.832645 0.834373 0.835736 0.83681 0.837657 0.838323 0.838848 0.839261 0.839587 0.839843 0.840044 0.840203 0.840327 0.840425 0.840503 0.840563 0.840611 0.840664
 0 9.70758e-09 1.65305e-05 0.00154435 0.0208867 0.0942042 0.226641 0.379717 0.516433 0.622724 0.700042 0.754881 0.793651 0.821265 0.841171 0.855708 0.866458 0.87471 0.881135 0.886029 0.889781 0.892672 0.894908 0.896645 0.897997 0.899052 0.899876 0.900521 0.901027 0.901423 0.901734 0.901978 0.90217 0.90232 0.902439 0.902532 0.902605 0.902663 0.902708 0.902743 0.902783
 #wt and selex for gender,fleet: 2 2 South
 0.00174399 0.0300882 0.127855 0.213322 0.290887 0.357997 0.419379 0.477937 0.532878 0.582442 0.625554 0.662038 0.692314 0.717095 0.737178 0.753339 0.766273 0.776503 0.784563 0.790958 0.796022 0.800026 0.803188 0.805683 0.807651 0.809202 0.810424 0.811386 0.812144 0.81274 0.81321 0.813579 0.81387 0.814099 0.814279 0.81442 0.814532 0.814619 0.814688 0.814743 0.814803
 0 4.66919e-09 2.18203e-05 0.00574891 0.0879243 0.321691 0.584358 0.766096 0.86785 0.921376 0.949827 0.965586 0.97477 0.980397 0.984005 0.986409 0.988064 0.989312 0.990273 0.990976 0.991498 0.99189 0.992186 0.992413 0.992588 0.992722 0.992827 0.992908 0.992972 0.993021 0.99306 0.99309 0.993114 0.993132 0.993147 0.993159 0.993168 0.993175 0.99318 0.993185 0.99319
# Sex ratio correction
1
# M and current age-structure in year Yinit: 2015
 # gender = 1
 0.153993 0.153993 0.153993 0.153993 0.153993 0.153993 0.153993 0.153993 0.153993 0.153993 0.153993 0.153993 0.153993 0.153993 0.153993 0.153993 0.153993 0.153993 0.153993 0.153993 0.153993 0.153993 0.153993 0.153993 0.153993 0.153993 0.153993 0.153993 0.153993 0.153993 0.153993 0.153993 0.153993 0.153993 0.153993 0.153993 0.153993 0.153993 0.153993 0.153993 0.153993
 7173.08 6322.05 3813.44 6730.57 3417.26 2758.25 2655.59 5276.26 3789.48 2811.27 1372.43 601.602 368.521 224.307 127.22 63.4783 50.1141 33.6293 8.76542 3.75145 2.07915 0.928932 0.565533 0.120125 0.0711411 0.0375143 0.0157277 0.00582221 0.001707 0.000441421 0.000246551 0.000130076 4.03881e-05 7.5216e-06 2.10635e-06 7.28522e-07 1.8867e-07 4.03871e-08 1.78071e-08 8.49596e-09 3.25446e-09
 # gender = 2
 0.169142 0.169142 0.169142 0.169142 0.169142 0.169142 0.169142 0.169142 0.169142 0.169142 0.169142 0.169142 0.169142 0.169142 0.169142 0.169142 0.169142 0.169142 0.169142 0.169142 0.169142 0.169142 0.169142 0.169142 0.169142 0.169142 0.169142 0.169142 0.169142 0.169142 0.169142 0.169142 0.169142 0.169142 0.169142 0.169142 0.169142 0.169142 0.169142 0.169142 0.169142
 7173.08 6226.99 3699.77 6434.67 3222.56 2548.26 2345.7 4325.72 2829.72 1894.66 817 298.284 140.716 62.4827 25.3593 9.10799 5.29185 2.6386 0.509877 0.163366 0.0698028 0.0250061 0.0123549 0.00208588 0.000975127 0.0004129 0.00014022 4.16533e-05 9.67072e-06 1.92693e-06 7.90409e-07 2.88753e-07 5.87773e-08 6.98458e-09 1.28267e-09 3.13621e-10 6.23798e-11 1.10617e-11 4.31161e-12 1.88807e-12 6.57128e-13
# Age-structure at Ydeclare= 2013
 5189.07 9162.81 4665.73 3804.22 3746.39 7721.18 5812.6 4539.54 2330.46 1069.37 681.588 428.968 250.121 127.66 102.658 69.9282 18.4501 7.97553 4.45651 2.00444 1.22698 0.261788 0.155606 0.0823012 0.0345895 0.0128305 0.00376799 0.000975713 0.000545587 0.000288108 8.95243e-05 1.66828e-05 4.67427e-06 1.61737e-06 4.19008e-07 8.97194e-08 3.95675e-08 1.88818e-08 5.07769e-09 1.39729e-09 7.5948e-10
 5189.07 9025.05 4526.62 3636.51 3531.59 7151.61 5210.07 3841.57 1785.42 688.045 337.076 153.648 63.5131 23.1094 13.5529 6.80391 1.3215 0.425079 0.182179 0.0654149 0.0323773 0.00547373 0.00256161 0.00108556 0.000368889 0.000109636 2.54643e-05 5.07542e-06 2.08239e-06 7.60881e-07 1.54905e-07 1.84096e-08 3.38111e-09 8.26762e-10 1.64454e-10 2.91635e-11 1.13677e-11 4.9781e-12 1.24918e-12 3.23675e-13 1.59787e-13
# Year for Tmin Age-structure (set to Ydecl by SS)
2013
#  recruitment and biomass
# Number of historical assessment years
148
# Historical data
# year recruitment spawner in B0 in R project in R/S project
1875  1876 1877 1878 1879 1880 1881 1882 1883 1884 1885 1886 1887 1888 1889 1890 1891 1892 1893 1894 1895 1896 1897 1898 1899 1900 1901 1902 1903 1904 1905 1906 1907 1908 1909 1910 1911 1912 1913 1914 1915 1916 1917 1918 1919 1920 1921 1922 1923 1924 1925 1926 1927 1928 1929 1930 1931 1932 1933 1934 1935 1936 1937 1938 1939 1940 1941 1942 1943 1944 1945 1946 1947 1948 1949 1950 1951 1952 1953 1954 1955 1956 1957 1958 1959 1960 1961 1962 1963 1964 1965 1966 1967 1968 1969 1970 1971 1972 1973 1974 1975 1976 1977 1978 1979 1980 1981 1982 1983 1984 1985 1986 1987 1988 1989 1990 1991 1992 1993 1994 1995 1996 1997 1998 1999 2000 2001 2002 2003 2004 2005 2006 2007 2008 2009 2010 2011 2012 2013 2014 2015 2016 2017 2018 2019 2020 2021 2022 #years (with first value representing R0)
17072.7 17078.6 17078.7 17078.8 17078.9 17079.1 17079 17078.6 17078 17077.3 17076.3 17075.2 17074 17072.6 17071.2 17069.7 17068.1 17066.5 17064.9 17063.3 17061.7 17060.2 17058.7 17057.3 17056.1 17055 17054 17053.3 17052.8 17052.5 17052.6 17053 17053.8 17055 17056.8 17059.2 17062.3 17066.1 17070.8 17076.5 17083.2 17091 17100.3 17106.9 17118.9 17136.1 17158.9 17182.2 17204 17229 17254.2 17284.1 17319.4 17357.4 17404.1 17458.3 17527.6 17614.4 17722.9 17854.6 17963.9 18027.7 17993.6 17733.5 17155.3 16240.8 15182 14287.7 13866.4 14182.3 14928.8 15014.8 14597.8 14257 14094.7 14292.4 14469.2 14326.2 13973.3 13733.4 13186.9 12412.7 12223.8 13638.1 18463.1 22678.4 15762.7 13267.5 14518.8 14139.4 46430.7 22973.3 10142.4 7952.2 8076.04 9667.4 11133.8 9742.97 9069.95 10505 13018.3 15700.5 10207 6913.04 9392.93 10428.2 8679.79 9056.25 14703.5 14951.8 9451.2 5970.46 8577.33 11365.5 12386.9 12294.3 9947.5 7330.05 15388.3 11479.1 11818.4 9912.56 10915.5 20149.1 14871.5 9694.17 10500.7 10632.1 10760.9 11643.3 18825.6 28841.6 30239.7 33708.4 13908.1 12080.7 12697.5 21376.5 10378.1 14749.1 14346.2 9782 8420.04 9721.15 14944.5 13584.8 14819.2 15569.6  #recruits; first value is R0 (virgin)
21.065  21.0652 21.0647 21.0642 21.0638 21.0634 21.0575 21.0463 21.0304 21.0099 20.9853 20.957 20.9253 20.8905 20.8531 20.8132 20.7712 20.7272 20.6816 20.6345 20.586 20.5364 20.4857 20.4341 20.3817 20.3286 20.275 20.2208 20.1662 20.1111 20.0558 20.0001 19.9443 19.8882 19.8321 19.7758 19.7196 19.6633 19.607 19.5509 19.4949 19.439 19.3861 19.2645 19.2066 19.2036 19.2596 19.2827 19.2376 19.1947 19.0999 19.0144 18.9403 18.8161 18.7096 18.5685 18.4666 18.3891 18.349 18.3847 18.0604 17.8652 17.8813 17.7149 17.5117 17.1387 16.9362 16.8558 16.3521 15.8068 15.6196 15.4554 14.6035 13.9729 12.3022 11.2384 10.072 9.56501 9.18803 8.95832 8.46679 8.12463 8.03106 7.60241 7.34188 7.28803 7.10909 6.72381 6.29046 5.93415 6.01289 6.27389 6.485 6.67477 6.86291 7.2532 7.83712 8.39032 8.58064 8.27464 7.29469 6.1673 5.30759 4.68455 3.71987 2.87513 2.45844 2.33031 1.96846 1.77707 1.70335 1.60437 1.55141 1.40688 1.40852 1.4522 1.5046 1.36094 1.32406 1.41486 1.66151 1.85391 1.93222 1.92505 2.1431 2.40979 2.52602 2.62317 2.77752 2.96886 3.25222 3.15439 2.94568 2.79269 2.65268 2.78821 3.64219 4.9565 6.62727 8.04271 9.09824 9.60553 9.74353 9.57166 9.26981 8.97608 8.82611 8.17807 #spbio; first value is SSB_virgin (virgin)
1 0 0 0 0 0 0 0 0 0 0 0 0 0 0 0 0 0 0 0 0 0 0 0 0 0 0 0 0 0 0 0 0 0 0 0 0 0 0 0 0 0 0 0 0 0 0 0 0 0 0 0 0 0 0 0 0 0 0 0 0 0 0 0 0 0 0 0 0 0 0 0 0 0 0 0 0 0 0 0 0 0 0 0 0 0 0 0 0 0 0 0 0 0 0 0 0 0 0 0 0 0 0 0 0 0 0 0 0 0 0 0 0 0 0 0 0 0 0 0 0 0 0 0 0 0 0 0 0 0 0 0 0 0 0 0 0 0 0 0 0 0 0 0 0 0 0 0  # in Bzero
0 1 1 1 1 1 1 1 1 1 1 1 1 1 1 1 1 1 1 1 1 1 1 1 1 1 1 1 1 1 1 1 1 1 1 1 1 1 1 1 1 1 1 1 1 1 1 1 1 1 1 1 1 1 1 1 1 1 1 1 1 1 1 1 1 1 1 1 1 1 1 1 1 1 1 1 1 1 1 1 1 1 1 1 1 1 1 1 1 1 1 1 1 1 1 1 1 1 1 1 1 1 1 1 1 1 1 1 1 1 1 1 1 1 1 1 1 1 1 1 1 1 1 1 1 1 1 1 1 1 1 1 1 1 1 1 1 1 1 1 1 1 1 1 1  0 0 0 # in R project
0 1 1 1 1 1 1 1 1 1 1 1 1 1 1 1 1 1 1 1 1 1 1 1 1 1 1 1 1 1 1 1 1 1 1 1 1 1 1 1 1 1 1 1 1 1 1 1 1 1 1 1 1 1 1 1 1 1 1 1 1 1 1 1 1 1 1 1 1 1 1 1 1 1 1 1 1 1 1 1 1 1 1 1 1 1 1 1 1 1 1 1 1 1 1 1 1 1 1 1 1 1 1 1 1 1 1 1 1 1 1 1 1 1 1 1 1 1 1 1 1 1 1 1 1 1 1 1 1 1 1 1 1 1 1 1 1 1 1 1 1 1 1 1 1  0 0 0 # in R/S project
# Number of years with pre-specified catches
0
# catches for years with pre-specified catches go next
# Number of future recruitments to override
2
# Process for overiding (-1 for average otherwise index in data list)
2014 1 2014
2015 1 2015
# Which probability to product detailed results for (1=0.5; 2=0.6; etc.)
3
# Steepness sigma-R Auto-correlation
0.8 0.5 0
# Target SPR rate (FMSY Proxy); manually change to SPR_MSY if not using SPR_target
0.3
# Discount rate (for cumulative catch)
0.1
# Truncate the series when 0.4B0 is reached (1=Yes)
0
# Set F to FMSY once 0.4B0 is reached (1=Yes)
0
# Maximum possible F for projection (-1 to set to FMSY)
-1
# Defintion of recovery (1=now only;2=now or before)
2
# Projection type
4
# Definition of the 40-10 rule
10 40
# Sigma Assessment Error (Base, Year1, Slope, MaxSigma)
1.0 2023 0.075 2.0
# Pstar
0.45
# Constrain catches by the ABC (1=yes, 2=no)
2
# Implementation Error (0=no; 1=lognormal; 2=uniform)
0
#Parameters of Implementaion Error
1 0.3
# Calculate coefficients of variation (1=Yes)
0
# Number of replicates to use
10
# Random number seed
-99004
# File with multiple parameter vectors 
rebuild.SSO
# User-specific projection (1=Yes); Output replaced (1->9)
0  5
# Catches and Fs (Year; 1/2/3 (F or C or SPR); value); Final row is -1
2022 1 1
-1 -1 -1
# Fixed catch project (1=Yes); Output replaced (1->9); Approach (-1=Read in else 1-9)
0 2 -1
# (48a) Special catch options (1-Yes) [CUT_OFF, Emsy, distribution, MAXCAT, Add, replace_code]
0 0.18 1.00 1.00 0 6
# (48b) B1Target
150000
# Split of Fs
2015  0.44562
 0.55438
-1  1 1 1 1
# Yrs to define T_target for projection type 4 (a.k.a. 5 pre-specified inputs)
2028 2029 2030 2031 2032 
# Year for probability of recovery
2032 2033 2034 2035 2036 2037 2038 2039
# Time varying weight-at-age (1=Yes;0=No)
0
# File with time series of weight-at-age data
none
# Use bisection (0) or linear interpolation (1)
1
# Target Depletion
0.4
# CV of implementation error
0
