#Title, #runnumber: 6 petrale_data.ss petrale_control.ss 1162.45 10.4603 10.6317 StartTime: Thu Oct 23 16:34:17 2025
SSv3_default_rebuild.dat
# Number of sexes
2
# Age range to consider (minimum age; maximum age)
0 40
# Number of fleets
2
# First year of projection (Yinit)
2015
# First Year of rebuilding period (Ydecl)
2013
# Number of simulations
1000
# Maximum number of years
500
# Conduct projections with multiple starting values (0=No;else yes)
0
# Number of parameter vectors
1000
# Is the maximum age a plus-group (1=Yes;2=No)
1
# Generate future recruitments using historical recruitments (1)  historical recruits/spawner (2)  or a stock-recruitment (3)
3
# Constant fishing mortality (1) or constant Catch (2) projections
1
# Fishing mortality based on SPR (1) or actual rate (2)
1
# Pre-specify the year of recovery (or -1) to ignore
-1
# Fecundity-at-age
# 0 1 2 3 4 5 6 7 8 9 10 11 12 13 14 15 16 17 18 19 20 21 22 23 24 25 26 27 28 29 30 31 32 33 34 35 36 37 38 39 40 #runnumber: 6 petrale_data.ss petrale_control.ss 1162.45 10.4603 10.6317
 0 0 0 2.58423e-07 1.48044e-05 0.000140534 0.00039298 0.00065615 0.000891996 0.00109971 0.00128069 0.00143594 0.00156702 0.00167615 0.00176597 0.00183921 0.0018985 0.00194622 0.00198387 0.00201393 0.00203785 0.00205686 0.00207193 0.00208386 0.00209331 0.00210077 0.00210666 0.00211132 0.00211499 0.00211789 0.00212018 0.00212198 0.0021234 0.00212452 0.0021254 0.0021261 0.00212665 0.00212708 0.00212742 0.00212769 0.00212799 #female fecundity; weighted by N in year Y_init across morphs and areas
# Age specific selectivity and weight adjusted for discard and discard mortality
 #wt and selex for gender,fleet: 1 1 North
 0.000366736 0.00882934 0.0761881 0.217615 0.414639 0.637677 0.862065 1.0719 1.25893 1.42028 1.55631 1.6691 1.76151 1.83652 1.897 1.94552 1.98429 2.01423 2.03719 2.05542 2.06987 2.0813 2.09034 2.09749 2.10313 2.10759 2.1111 2.11387 2.11606 2.11779 2.11915 2.12022 2.12106 2.12173 2.12225 2.12267 2.12299 2.12325 2.12345 2.12361 2.12379
 0 2.1629e-07 1.0944e-05 0.000240031 0.00192133 0.00792996 0.0211319 0.0420506 0.0686722 0.0979105 0.12698 0.153985 0.177931 0.198486 0.215732 0.229969 0.241585 0.250886 0.258282 0.264203 0.268926 0.272684 0.275667 0.278031 0.279903 0.281383 0.282553 0.283476 0.284205 0.284781 0.285234 0.285592 0.285875 0.286097 0.286272 0.286411 0.28652 0.286606 0.286673 0.286727 0.286786
 #wt and selex for gender,fleet: 1 2 South
 0.000366736 0.00883194 0.080551 0.225922 0.421664 0.635616 0.843997 1.03343 1.19842 1.33852 1.45579 1.55309 1.63323 1.69879 1.75206 1.7951 1.82971 1.85706 1.87857 1.89572 1.90934 1.92015 1.92872 1.9355 1.94085 1.94509 1.94843 1.95107 1.95316 1.9548 1.95609 1.95712 1.95792 1.95856 1.95906 1.95945 1.95976 1.96001 1.9602 1.96035 1.96052
 0 2.55361e-07 4.58037e-05 0.00205146 0.0208516 0.0858715 0.204581 0.349694 0.488243 0.602247 0.688419 0.750813 0.795258 0.826894 0.849584 0.866041 0.878123 0.887311 0.894402 0.899782 0.903892 0.907051 0.909491 0.911383 0.912855 0.914003 0.9149 0.915603 0.916154 0.916587 0.916926 0.917193 0.917403 0.917568 0.917698 0.917801 0.917881 0.917945 0.917995 0.918034 0.918078
 #wt and selex for gender,fleet: 2 1 North
 0.000455679 0.00812679 0.0648925 0.162095 0.279333 0.396728 0.503039 0.59386 0.668728 0.729068 0.776995 0.8147 0.844172 0.867101 0.884879 0.898624 0.909229 0.91717 0.923085 0.927635 0.931131 0.933816 0.935876 0.937455 0.938666 0.939594 0.940305 0.94085 0.941267 0.941587 0.941832 0.942019 0.942163 0.942273 0.942357 0.942421 0.94247 0.942508 0.942537 0.942559 0.942583
 0 2.29309e-09 1.08635e-07 3.27831e-05 0.00105314 0.00882977 0.0333683 0.0780669 0.136112 0.197403 0.254459 0.303656 0.344149 0.376554 0.402047 0.421896 0.437254 0.449038 0.458066 0.465007 0.470339 0.474429 0.477566 0.479971 0.481813 0.483225 0.484306 0.485134 0.485769 0.486254 0.486626 0.486911 0.487129 0.487296 0.487424 0.487522 0.487597 0.487654 0.487698 0.487732 0.487767
 #wt and selex for gender,fleet: 2 2 South
 0.000455679 0.0081267 0.0762974 0.176323 0.28245 0.377478 0.457986 0.528319 0.590959 0.645579 0.691686 0.729549 0.760029 0.784227 0.803252 0.818107 0.829648 0.838518 0.845312 0.850548 0.854578 0.857675 0.860053 0.861878 0.863277 0.86435 0.865173 0.865803 0.866286 0.866655 0.866939 0.867155 0.867322 0.867449 0.867546 0.867621 0.867678 0.867721 0.867755 0.867781 0.867807
 0 2.74496e-09 1.36102e-07 0.000453513 0.0256232 0.1807 0.451531 0.683356 0.822838 0.896512 0.934885 0.955614 0.96742 0.974514 0.978987 0.981924 0.983919 0.985394 0.986512 0.987319 0.987908 0.988343 0.988666 0.988909 0.989092 0.98923 0.989335 0.989415 0.989475 0.989522 0.989557 0.989584 0.989604 0.98962 0.989632 0.989641 0.989648 0.989654 0.989658 0.989661 0.989664
# Sex ratio correction
1
# M and current age-structure in year Yinit: 2015
 # gender = 1
 0.5 0.5 0.5 0.5 0.5 0.5 0.5 0.5 0.5 0.5 0.5 0.5 0.5 0.5 0.5 0.5 0.5 0.5 0.5 0.5 0.5 0.5 0.5 0.5 0.5 0.5 0.5 0.5 0.5 0.5 0.5 0.5 0.5 0.5 0.5 0.5 0.5 0.5 0.5 0.5 0.5
 80976.7 48076.5 10262.3 62951.2 1574.29 21216.5 11561.7 2097.46 1273.04 1240.02 165.191 105.151 2.10153 24.994 4.44269 1.62373 0.55142 0.171681 0.0291313 0.00919111 0.00287653 0.000986845 0.000235374 5.78272e-05 2.88242e-05 8.09201e-06 2.78156e-06 7.62475e-07 1.65213e-07 6.16414e-08 3.31556e-08 9.48452e-09 2.66903e-09 6.41467e-10 1.85988e-10 6.296e-11 1.61736e-11 6.06091e-12 3.14987e-12 1.17898e-12 4.07282e-13
 # gender = 2
 0.517404 0.517404 0.517404 0.517404 0.517404 0.517404 0.517404 0.517404 0.517404 0.517404 0.517404 0.517404 0.517404 0.517404 0.517404 0.517404 0.517404 0.517404 0.517404 0.517404 0.517404 0.517404 0.517404 0.517404 0.517404 0.517404 0.517404 0.517404 0.517404 0.517404 0.517404 0.517404 0.517404 0.517404 0.517404 0.517404 0.517404 0.517404 0.517404 0.517404 0.517404
 80976.7 47247 9911.24 59753.5 1469.96 19465.6 10211.5 1705.98 907.227 741.179 79.293 38.2516 0.542063 4.36657 0.515008 0.123484 0.0274474 0.00557628 0.000616569 0.000128897 2.77702e-05 6.91653e-06 1.25681e-06 2.41777e-07 9.61356e-08 2.19948e-08 6.25645e-09 1.42131e-09 2.55634e-10 7.94106e-11 3.52156e-11 8.09712e-12 1.77333e-12 3.23153e-13 7.03441e-14 1.81358e-14 3.64822e-15 1.10191e-15 4.72929e-16 1.47169e-16 3.79994e-17
# Age-structure at Ydeclare= 2013
 27895.8 171133 4285.5 58274 32733.1 6330.63 4234.23 4641.01 699.864 501.555 11.1517 145.423 27.93 10.8817 3.89303 1.26415 0.221852 0.0718929 0.0229826 0.00801866 0.00193829 0.000481271 0.00024191 6.83639e-05 2.36227e-05 6.50219e-06 1.41349e-06 5.28733e-07 2.84971e-07 8.16496e-08 2.30059e-08 5.53467e-09 1.60598e-09 5.43989e-10 1.39811e-10 5.24132e-11 2.72476e-11 1.02011e-11 2.37175e-12 7.21018e-13 4.32114e-13
 27895.8 168181 4138.91 55312.6 30554.3 5809.92 3777.7 3907.61 528.522 314.325 5.3026 49.0942 6.45369 1.68202 0.398475 0.084983 0.00975074 0.00209686 0.000461621 0.000116884 2.15084e-05 4.17765e-06 1.67339e-06 3.85015e-07 1.0999e-07 2.50696e-08 4.52033e-09 1.40691e-09 6.24833e-10 1.4383e-10 3.15272e-11 5.74899e-12 1.25208e-12 3.2293e-13 6.49802e-14 1.96311e-14 8.42696e-15 2.6227e-15 5.01333e-16 1.23494e-16 5.24492e-17
# Year for Tmin Age-structure (set to Ydecl by SS)
2013
#  recruitment and biomass
# Number of historical assessment years
148
# Historical data
# year recruitment spawner in B0 in R project in R/S project
1875  1876 1877 1878 1879 1880 1881 1882 1883 1884 1885 1886 1887 1888 1889 1890 1891 1892 1893 1894 1895 1896 1897 1898 1899 1900 1901 1902 1903 1904 1905 1906 1907 1908 1909 1910 1911 1912 1913 1914 1915 1916 1917 1918 1919 1920 1921 1922 1923 1924 1925 1926 1927 1928 1929 1930 1931 1932 1933 1934 1935 1936 1937 1938 1939 1940 1941 1942 1943 1944 1945 1946 1947 1948 1949 1950 1951 1952 1953 1954 1955 1956 1957 1958 1959 1960 1961 1962 1963 1964 1965 1966 1967 1968 1969 1970 1971 1972 1973 1974 1975 1976 1977 1978 1979 1980 1981 1982 1983 1984 1985 1986 1987 1988 1989 1990 1991 1992 1993 1994 1995 1996 1997 1998 1999 2000 2001 2002 2003 2004 2005 2006 2007 2008 2009 2010 2011 2012 2013 2014 2015 2016 2017 2018 2019 2020 2021 2022 #years (with first value representing R0)
196022 196138 196138 196137 196137 196137 196132 196124 196113 196100 196085 196069 196052 196035 196017 195998 195980 195961 195942 195922 195903 195883 195864 195844 195824 195804 195785 195765 195745 195726 195707 195688 195669 195651 195634 195618 195603 195591 195581 195574 195573 195577 195592 195546 195593 195715 195909 196077 196202 196389 196601 196939 197438 198070 198970 200124 201648 203493 205639 208297 211739 218566 232981 260667 307025 327506 260288 198475 167906 168674 200418 227065 225220 207105 188332 184136 192788 206132 212623 231553 264159 243069 187258 170022 201949 290052 316269 217924 306621 307447 302100 1.22255e+06 389781 217471 164629 200563 205710 177163 140010 130797 141126 198563 172873 107222 90313.4 108144 96128.4 98549.8 122189 131680 143329 85184.5 74428.9 113236 136690 131073 151951 97275.7 123395 156810 134076 121694 107309 175738 160192 139338 118969 223991 6857.58 137096 94336 336328 175358 155368 484213 522362 23298.4 564302 55791.7 158530 161953 402364 188039 439750 191576 188380 192349 195458  #recruits; first value is R0 (virgin)
10.4603  10.4603 10.4599 10.4596 10.4593 10.4593 10.4552 10.4482 10.4387 10.4273 10.4145 10.4007 10.3862 10.3712 10.3558 10.3401 10.3242 10.3081 10.2919 10.2756 10.2592 10.2427 10.2262 10.2096 10.193 10.1765 10.1599 10.1433 10.1267 10.11 10.0934 10.0768 10.0601 10.0435 10.0268 10.0102 9.99352 9.97688 9.96026 9.94364 9.92706 9.91051 9.89615 9.82522 9.81637 9.85118 9.92378 9.95127 9.91285 9.88063 9.81156 9.76394 9.73562 9.67133 9.63204 9.57021 9.54997 9.55268 9.58541 9.67539 9.45802 9.39389 9.52915 9.50684 9.47361 9.33506 9.4191 9.71611 9.86822 10.3689 11.3977 12.059 11.4139 10.4517 8.54092 7.60258 7.06988 7.37196 7.67478 7.82076 7.52971 7.36003 7.50521 7.46492 7.76062 8.43162 8.91771 8.8026 8.26991 7.84532 8.29314 9.23185 9.8538 10.4141 11.1348 12.6237 17.3895 21.5106 21.4365 18.6621 15.107 12.2055 10.2063 8.67849 6.9896 5.76046 5.40535 5.47814 5.00036 4.42967 4.00324 3.60097 3.32883 3.08733 3.11307 3.23797 3.2582 2.93814 2.88256 3.14515 3.59667 3.94662 4.0032 3.90242 4.16866 4.44811 4.40534 4.27302 4.36724 4.57992 4.75964 4.51027 4.50771 4.17161 3.6116 3.59372 4.99112 6.51934 7.56927 9.29512 11.8602 12.6628 13.0443 12.4957 10.7683 9.40903 9.56415 9.89826 #SSBio; first value is SSB_virgin (virgin)
1 0 0 0 0 0 0 0 0 0 0 0 0 0 0 0 0 0 0 0 0 0 0 0 0 0 0 0 0 0 0 0 0 0 0 0 0 0 0 0 0 0 0 0 0 0 0 0 0 0 0 0 0 0 0 0 0 0 0 0 0 0 0 0 0 0 0 0 0 0 0 0 0 0 0 0 0 0 0 0 0 0 0 0 0 0 0 0 0 0 0 0 0 0 0 0 0 0 0 0 0 0 0 0 0 0 0 0 0 0 0 0 0 0 0 0 0 0 0 0 0 0 0 0 0 0 0 0 0 0 0 0 0 0 0 0 0 0 0 0 0 0 0 0 0 0 0 0  # in Bzero
0 1 1 1 1 1 1 1 1 1 1 1 1 1 1 1 1 1 1 1 1 1 1 1 1 1 1 1 1 1 1 1 1 1 1 1 1 1 1 1 1 1 1 1 1 1 1 1 1 1 1 1 1 1 1 1 1 1 1 1 1 1 1 1 1 1 1 1 1 1 1 1 1 1 1 1 1 1 1 1 1 1 1 1 1 1 1 1 1 1 1 1 1 1 1 1 1 1 1 1 1 1 1 1 1 1 1 1 1 1 1 1 1 1 1 1 1 1 1 1 1 1 1 1 1 1 1 1 1 1 1 1 1 1 1 1 1 1 1 1 1 1 1 1 1  0 0 0 # in R project
0 1 1 1 1 1 1 1 1 1 1 1 1 1 1 1 1 1 1 1 1 1 1 1 1 1 1 1 1 1 1 1 1 1 1 1 1 1 1 1 1 1 1 1 1 1 1 1 1 1 1 1 1 1 1 1 1 1 1 1 1 1 1 1 1 1 1 1 1 1 1 1 1 1 1 1 1 1 1 1 1 1 1 1 1 1 1 1 1 1 1 1 1 1 1 1 1 1 1 1 1 1 1 1 1 1 1 1 1 1 1 1 1 1 1 1 1 1 1 1 1 1 1 1 1 1 1 1 1 1 1 1 1 1 1 1 1 1 1 1 1 1 1 1 1  0 0 0 # in R/S project
# Number of years with pre-specified catches
0
# catches for years with pre-specified catches go next
# Number of future recruitments to override
2
# Process for overiding (-1 for average otherwise index in data list)
2014 1 2014
2015 1 2015
# Which probability to product detailed results for (1=0.5; 2=0.6; etc.)
3
# Steepness sigma-R Auto-correlation
0.8 0.5 0
# Target SPR rate (FMSY Proxy); manually change to SPR_MSY if not using SPR_target
0.3
# Discount rate (for cumulative catch)
0.1
# Truncate the series when 0.4B0 is reached (1=Yes)
0
# Set F to FMSY once 0.4B0 is reached (1=Yes)
0
# Maximum possible F for projection (-1 to set to FMSY)
-1
# Defintion of recovery (1=now only;2=now or before)
2
# Projection type
4
# Definition of the 40-10 rule
10 40
# Sigma Assessment Error (Base, Year1, Slope, MaxSigma)
1.0 2023 0.075 2.0
# Pstar
0.45
# Constrain catches by the ABC (1=yes, 2=no)
2
# Implementation Error (0=no; 1=lognormal; 2=uniform)
0
#Parameters of Implementaion Error
1 0.3
# Calculate coefficients of variation (1=Yes)
0
# Number of replicates to use
10
# Random number seed
-99004
# File with multiple parameter vectors 
rebuild.SSO
# User-specific projection (1=Yes); Output replaced (1->9)
0  5
# Catches and Fs (Year; 1/2/3 (F or C or SPR); value); Final row is -1
2022 1 1
-1 -1 -1
# Fixed catch project (1=Yes); Output replaced (1->9); Approach (-1=Read in else 1-9)
0 2 -1
# (48a) Special catch options (1-Yes) [CUT_OFF, Emsy, distribution, MAXCAT, Add, replace_code]
0 0.18 1.00 1.00 0 6
# (48b) B1Target
150000
# Split of Fs
2015  0.44562
 0.55438
-1  1 1 1 1
# Yrs to define T_target for projection type 4 (a.k.a. 5 pre-specified inputs)
2028 2029 2030 2031 2032 
# Year for probability of recovery
2032 2033 2034 2035 2036 2037 2038 2039
# Time varying weight-at-age (1=Yes;0=No)
0
# File with time series of weight-at-age data
none
# Use bisection (0) or linear interpolation (1)
1
# Target Depletion
0.4
# CV of implementation error
0
