#Title, #runnumber: 3 petrale_data.ss petrale_control.ss 901.188 21.6208 7.65232 StartTime: Mon Oct 27 20:18:02 2025
SSv3_default_rebuild.dat
# Number of sexes
2
# Age range to consider (minimum age; maximum age)
0 40
# Number of fleets
2
# First year of projection (Yinit)
2015
# First Year of rebuilding period (Ydecl)
2013
# Number of simulations
1000
# Maximum number of years
500
# Conduct projections with multiple starting values (0=No;else yes)
0
# Number of parameter vectors
1000
# Is the maximum age a plus-group (1=Yes;2=No)
1
# Generate future recruitments using historical recruitments (1)  historical recruits/spawner (2)  or a stock-recruitment (3)
3
# Constant fishing mortality (1) or constant Catch (2) projections
1
# Fishing mortality based on SPR (1) or actual rate (2)
1
# Pre-specify the year of recovery (or -1) to ignore
-1
# Fecundity-at-age
# 0 1 2 3 4 5 6 7 8 9 10 11 12 13 14 15 16 17 18 19 20 21 22 23 24 25 26 27 28 29 30 31 32 33 34 35 36 37 38 39 40 #runnumber: 3 petrale_data.ss petrale_control.ss 901.188 21.6208 7.65232
 0 0 0 3.048e-07 7.69691e-06 5.67595e-05 0.000176884 0.000343286 0.00052023 0.000689434 0.000844691 0.000984415 0.00110856 0.0012177 0.00131277 0.0013949 0.00146536 0.00152546 0.00157521 0.00161722 0.00165257 0.00168223 0.00170706 0.00172781 0.00174512 0.00175954 0.00177154 0.00178151 0.0017898 0.00179668 0.00180239 0.00180713 0.00181106 0.00181431 0.00181701 0.00181924 0.0018211 0.00182263 0.0018239 0.00182495 0.0018263 #female fecundity; weighted by N in year Y_init across morphs and areas
# Age specific selectivity and weight adjusted for discard and discard mortality
 #wt and selex for gender,fleet: 1 1 North
 0.00179375 0.0230244 0.0903649 0.201148 0.343917 0.503354 0.666438 0.823949 0.97023 1.10238 1.2194 1.32152 1.40968 1.48515 1.54936 1.60373 1.64957 1.68682 1.71692 1.74215 1.76325 1.78086 1.79554 1.80777 1.81794 1.82639 1.83341 1.83923 1.84407 1.84807 1.8514 1.85415 1.85643 1.85832 1.85989 1.86119 1.86226 1.86315 1.86389 1.8645 1.86528
 0 3.28521e-05 0.000531644 0.00389898 0.0157731 0.0423224 0.0855027 0.141832 0.20495 0.268673 0.328585 0.382262 0.428823 0.468362 0.50148 0.528982 0.551705 0.570444 0.585926 0.598704 0.609245 0.617939 0.625111 0.631028 0.635913 0.639946 0.643277 0.646029 0.648304 0.650184 0.651738 0.653023 0.654086 0.654966 0.655693 0.656295 0.656793 0.657205 0.657546 0.657828 0.658188
 #wt and selex for gender,fleet: 1 2 South
 0.00179376 0.0251927 0.0969068 0.210865 0.353199 0.507578 0.661402 0.806627 0.93908 1.05737 1.16171 1.25301 1.33238 1.40098 1.45993 1.51032 1.55319 1.58862 1.61777 1.64232 1.66295 1.68023 1.69469 1.70675 1.71681 1.72518 1.73214 1.73793 1.74273 1.74672 1.75003 1.75277 1.75505 1.75693 1.75849 1.75979 1.76086 1.76175 1.76248 1.76309 1.76387
 0 2.90333e-05 0.000804058 0.00774151 0.0350991 0.0964964 0.190407 0.301414 0.411952 0.510353 0.591976 0.656914 0.707447 0.746407 0.776403 0.799572 0.817569 0.831995 0.843706 0.853021 0.860469 0.866454 0.871284 0.875197 0.878377 0.880969 0.883088 0.884823 0.886246 0.887415 0.888377 0.889169 0.889821 0.89036 0.890804 0.891171 0.891474 0.891724 0.891931 0.892102 0.892321
 #wt and selex for gender,fleet: 2 1 North
 0.00193295 0.0370772 0.111013 0.203935 0.299885 0.388735 0.466288 0.532081 0.587439 0.633954 0.672921 0.705363 0.73216 0.754117 0.771978 0.786416 0.798028 0.807164 0.814316 0.820016 0.824549 0.828146 0.830997 0.833254 0.835039 0.83645 0.837565 0.838445 0.839139 0.839687 0.84012 0.840461 0.84073 0.840942 0.841109 0.841241 0.841345 0.841427 0.841492 0.841543 0.8416
 0 1.04298e-08 1.577e-05 0.00139499 0.0187344 0.0854677 0.209064 0.355952 0.490667 0.597843 0.677292 0.734494 0.775409 0.80482 0.826174 0.84186 0.853513 0.862477 0.869464 0.874804 0.878909 0.882081 0.884541 0.886456 0.88795 0.889119 0.890034 0.890751 0.891315 0.891758 0.892106 0.89238 0.892595 0.892765 0.892899 0.893004 0.893087 0.893153 0.893204 0.893245 0.89329
 #wt and selex for gender,fleet: 2 2 South
 0.00193295 0.0395682 0.130524 0.214866 0.291558 0.358206 0.419286 0.47756 0.532266 0.58169 0.624765 0.661297 0.691683 0.716611 0.736862 0.753195 0.766297 0.776686 0.784893 0.791418 0.796597 0.800701 0.80395 0.806519 0.80855 0.810153 0.81142 0.812419 0.813208 0.81383 0.81432 0.814707 0.815013 0.815253 0.815443 0.815593 0.815711 0.815804 0.815877 0.815935 0.816
 0 4.94068e-09 2.39097e-05 0.00554011 0.0826233 0.305327 0.563832 0.748896 0.855547 0.912916 0.943921 0.961305 0.971525 0.977828 0.981889 0.984605 0.986481 0.987893 0.988981 0.989779 0.990371 0.990818 0.991156 0.991416 0.991616 0.99177 0.99189 0.991984 0.992057 0.992115 0.992159 0.992195 0.992222 0.992244 0.992261 0.992275 0.992285 0.992294 0.9923 0.992305 0.992311
# Sex ratio correction
1
# M and current age-structure in year Yinit: 2015
 # gender = 1
 0.155457 0.155457 0.155457 0.155457 0.155457 0.155457 0.155457 0.155457 0.155457 0.155457 0.155457 0.155457 0.155457 0.155457 0.155457 0.155457 0.155457 0.155457 0.155457 0.155457 0.155457 0.155457 0.155457 0.155457 0.155457 0.155457 0.155457 0.155457 0.155457 0.155457 0.155457 0.155457 0.155457 0.155457 0.155457 0.155457 0.155457 0.155457 0.155457 0.155457 0.155457
 8038.02 6236.93 4044.07 7183.67 2938.9 2765.81 2499.85 5087.58 3622.85 3133.04 1202.73 655.089 375.217 211.102 129.693 67.6923 47.106 35.0829 8.84602 3.68667 1.99638 0.905535 0.519055 0.110201 0.0660017 0.0333168 0.0139303 0.00508249 0.00140652 0.000368285 0.000205893 0.000104655 3.16043e-05 5.85842e-06 1.61404e-06 5.49853e-07 1.37359e-07 2.97933e-08 1.28533e-08 5.99856e-09 2.24991e-09
 # gender = 2
 0.170321 0.170321 0.170321 0.170321 0.170321 0.170321 0.170321 0.170321 0.170321 0.170321 0.170321 0.170321 0.170321 0.170321 0.170321 0.170321 0.170321 0.170321 0.170321 0.170321 0.170321 0.170321 0.170321 0.170321 0.170321 0.170321 0.170321 0.170321 0.170321 0.170321 0.170321 0.170321 0.170321 0.170321 0.170321 0.170321 0.170321 0.170321 0.170321 0.170321 0.170321
 8038.02 6144.91 3925.8 6874.24 2774.9 2558.17 2210.72 4180.07 2716.6 2125.7 722.607 328.84 145.736 60.1696 26.6255 10.0745 5.19765 2.90191 0.548306 0.172821 0.0727344 0.0266146 0.0124587 0.00211929 0.00100996 0.000412287 0.000140512 4.13367e-05 9.10284e-06 1.85148e-06 7.69257e-07 2.74865e-07 5.53958e-08 6.68305e-09 1.23384e-09 3.03306e-10 5.93195e-11 1.08654e-11 4.21821e-12 1.83746e-12 6.43174e-13
# Age-structure at Ydeclare= 2013
 5519.09 9809.15 4025.63 3828.22 3539.66 7470.97 5574.22 5073.36 2047.96 1167.93 696.329 405.289 256.116 136.812 97.0243 73.3832 18.7377 7.89022 4.30904 1.96816 1.13459 0.242016 0.145505 0.0736814 0.0308874 0.0112935 0.00313086 0.000820986 0.000459532 0.000233812 7.06654e-05 1.3108e-05 3.61338e-06 1.23153e-06 3.07768e-07 6.67762e-08 2.8816e-08 1.34511e-08 3.56509e-09 9.66409e-10 5.14908e-10
 5519.09 9664.42 3907.85 3662.77 3340.76 6928.91 5004.41 4303.89 1574.81 755.883 347.749 147.361 66.4093 25.4556 13.2563 7.45189 1.41523 0.447832 0.189053 0.0693382 0.0325164 0.00553883 0.0026424 0.00107957 0.00036817 0.000108365 2.38729e-05 4.85716e-06 2.01856e-06 7.21395e-07 1.4541e-07 1.75447e-08 3.23943e-09 7.96386e-10 1.55763e-10 2.85322e-11 1.10773e-11 4.82541e-12 1.21492e-12 3.16028e-13 1.5816e-13
# Year for Tmin Age-structure (set to Ydecl by SS)
2013
#  recruitment and biomass
# Number of historical assessment years
148
# Historical data
# year recruitment spawner in B0 in R project in R/S project
1875  1876 1877 1878 1879 1880 1881 1882 1883 1884 1885 1886 1887 1888 1889 1890 1891 1892 1893 1894 1895 1896 1897 1898 1899 1900 1901 1902 1903 1904 1905 1906 1907 1908 1909 1910 1911 1912 1913 1914 1915 1916 1917 1918 1919 1920 1921 1922 1923 1924 1925 1926 1927 1928 1929 1930 1931 1932 1933 1934 1935 1936 1937 1938 1939 1940 1941 1942 1943 1944 1945 1946 1947 1948 1949 1950 1951 1952 1953 1954 1955 1956 1957 1958 1959 1960 1961 1962 1963 1964 1965 1966 1967 1968 1969 1970 1971 1972 1973 1974 1975 1976 1977 1978 1979 1980 1981 1982 1983 1984 1985 1986 1987 1988 1989 1990 1991 1992 1993 1994 1995 1996 1997 1998 1999 2000 2001 2002 2003 2004 2005 2006 2007 2008 2009 2010 2011 2012 2013 2014 2015 2016 2017 2018 2019 2020 2021 2022 #years (with first value representing R0)
17575.8 17581.6 17581.7 17581.8 17581.9 17582 17581.9 17581.5 17580.8 17580 17579 17577.8 17576.5 17575.1 17573.5 17571.9 17570.2 17568.5 17566.8 17565 17563.3 17561.6 17559.9 17558.3 17556.8 17555.5 17554.2 17553.2 17552.3 17551.7 17551.3 17551.3 17551.6 17552.3 17553.4 17555.1 17557.4 17560.4 17564.1 17568.7 17574.2 17580.8 17588.6 17593.5 17603.7 17618.9 17639.7 17660.5 17679.5 17701.4 17723.2 17749.3 17780.5 17814 17855.8 17904.8 17968.7 18050 18152.8 18278.8 18382 18439 18396.8 18126.9 17536.3 16606.5 15529.4 14613.3 14165.3 14448.9 15179.7 15286.3 14880.5 14549.1 14393.2 14588 14749.3 14581.7 14199.6 13921.3 13352.1 12586.2 12424.1 13878.6 18759.5 23135.2 16192.1 13590.5 14833.9 14635.5 45666.7 23648.8 10338.7 8093.29 8215.37 9811.02 11292.6 9943.08 9216.9 10622.7 13170.5 15878.3 10392.3 7077.61 9331.22 10559.2 8774.86 9153.8 14698.1 15114.5 9742.46 6035.42 8400.94 11568.4 12551.3 12264.1 10187.1 7300.24 15089.3 11777.2 11786.3 10006.7 11218.6 21274.8 14095.8 10409.5 10784.5 10097.3 11078 12838.8 16717.5 32564.9 29267.6 32868.4 13220.5 12211.1 10987.7 22917.9 11038.2 14571.9 16076 12424.6 10428.8 11841.3 17674.1 16227.2 15581.8 16006.7  #recruits; first value is R0 (virgin)
21.6208  21.621 21.6205 21.62 21.6196 21.6192 21.6131 21.6018 21.5856 21.5649 21.5399 21.5112 21.479 21.4437 21.4057 21.3652 21.3226 21.278 21.2317 21.1839 21.1347 21.0844 21.0329 20.9805 20.9274 20.8735 20.8191 20.7641 20.7086 20.6528 20.5966 20.5401 20.4834 20.4264 20.3694 20.3122 20.255 20.1977 20.1405 20.0833 20.0263 19.9694 19.9153 19.7916 19.7325 19.7289 19.785 19.8077 19.7611 19.7168 19.6197 19.5319 19.4556 19.3282 19.2186 19.0738 18.9684 18.8875 18.844 18.8771 18.5449 18.3433 18.3554 18.1819 17.971 17.5866 17.3738 17.2838 16.7593 16.194 15.9965 15.8232 14.9514 14.3078 12.6077 11.5269 10.3385 9.81794 9.42982 9.19321 8.69197 8.3427 8.24505 7.80593 7.53651 7.47506 7.28445 6.88579 6.44051 6.07743 6.15659 6.42082 6.63751 6.83609 7.03785 7.43254 7.99776 8.52639 8.6961 8.37558 7.37966 6.23905 5.37178 4.74401 3.77156 2.9214 2.50064 2.36833 2.0003 1.80607 1.72952 1.62645 1.57166 1.42567 1.42458 1.46588 1.51912 1.37494 1.33562 1.42404 1.67007 1.86155 1.93981 1.92901 2.13959 2.39973 2.51166 2.61301 2.78495 2.99837 3.29631 3.20905 3.0045 2.84885 2.71195 2.85527 3.73031 5.08172 6.7703 8.15932 9.16226 9.60128 9.67281 9.46056 9.15505 8.89223 8.8251 8.31769 #spbio; first value is SSB_virgin (virgin)
1 0 0 0 0 0 0 0 0 0 0 0 0 0 0 0 0 0 0 0 0 0 0 0 0 0 0 0 0 0 0 0 0 0 0 0 0 0 0 0 0 0 0 0 0 0 0 0 0 0 0 0 0 0 0 0 0 0 0 0 0 0 0 0 0 0 0 0 0 0 0 0 0 0 0 0 0 0 0 0 0 0 0 0 0 0 0 0 0 0 0 0 0 0 0 0 0 0 0 0 0 0 0 0 0 0 0 0 0 0 0 0 0 0 0 0 0 0 0 0 0 0 0 0 0 0 0 0 0 0 0 0 0 0 0 0 0 0 0 0 0 0 0 0 0 0 0 0  # in Bzero
0 1 1 1 1 1 1 1 1 1 1 1 1 1 1 1 1 1 1 1 1 1 1 1 1 1 1 1 1 1 1 1 1 1 1 1 1 1 1 1 1 1 1 1 1 1 1 1 1 1 1 1 1 1 1 1 1 1 1 1 1 1 1 1 1 1 1 1 1 1 1 1 1 1 1 1 1 1 1 1 1 1 1 1 1 1 1 1 1 1 1 1 1 1 1 1 1 1 1 1 1 1 1 1 1 1 1 1 1 1 1 1 1 1 1 1 1 1 1 1 1 1 1 1 1 1 1 1 1 1 1 1 1 1 1 1 1 1 1 1 1 1 1 1 1  0 0 0 # in R project
0 1 1 1 1 1 1 1 1 1 1 1 1 1 1 1 1 1 1 1 1 1 1 1 1 1 1 1 1 1 1 1 1 1 1 1 1 1 1 1 1 1 1 1 1 1 1 1 1 1 1 1 1 1 1 1 1 1 1 1 1 1 1 1 1 1 1 1 1 1 1 1 1 1 1 1 1 1 1 1 1 1 1 1 1 1 1 1 1 1 1 1 1 1 1 1 1 1 1 1 1 1 1 1 1 1 1 1 1 1 1 1 1 1 1 1 1 1 1 1 1 1 1 1 1 1 1 1 1 1 1 1 1 1 1 1 1 1 1 1 1 1 1 1 1  0 0 0 # in R/S project
# Number of years with pre-specified catches
0
# catches for years with pre-specified catches go next
# Number of future recruitments to override
2
# Process for overiding (-1 for average otherwise index in data list)
2014 1 2014
2015 1 2015
# Which probability to product detailed results for (1=0.5; 2=0.6; etc.)
3
# Steepness sigma-R Auto-correlation
0.8 0.5 0
# Target SPR rate (FMSY Proxy); manually change to SPR_MSY if not using SPR_target
0.3
# Discount rate (for cumulative catch)
0.1
# Truncate the series when 0.4B0 is reached (1=Yes)
0
# Set F to FMSY once 0.4B0 is reached (1=Yes)
0
# Maximum possible F for projection (-1 to set to FMSY)
-1
# Defintion of recovery (1=now only;2=now or before)
2
# Projection type
4
# Definition of the 40-10 rule
10 40
# Sigma Assessment Error (Base, Year1, Slope, MaxSigma)
1.0 2023 0.075 2.0
# Pstar
0.45
# Constrain catches by the ABC (1=yes, 2=no)
2
# Implementation Error (0=no; 1=lognormal; 2=uniform)
0
#Parameters of Implementaion Error
1 0.3
# Calculate coefficients of variation (1=Yes)
0
# Number of replicates to use
10
# Random number seed
-99004
# File with multiple parameter vectors 
rebuild.SSO
# User-specific projection (1=Yes); Output replaced (1->9)
0  5
# Catches and Fs (Year; 1/2/3 (F or C or SPR); value); Final row is -1
2022 1 1
-1 -1 -1
# Fixed catch project (1=Yes); Output replaced (1->9); Approach (-1=Read in else 1-9)
0 2 -1
# (48a) Special catch options (1-Yes) [CUT_OFF, Emsy, distribution, MAXCAT, Add, replace_code]
0 0.18 1.00 1.00 0 6
# (48b) B1Target
150000
# Split of Fs
2015  0.44562
 0.55438
-1  1 1 1 1
# Yrs to define T_target for projection type 4 (a.k.a. 5 pre-specified inputs)
2028 2029 2030 2031 2032 
# Year for probability of recovery
2032 2033 2034 2035 2036 2037 2038 2039
# Time varying weight-at-age (1=Yes;0=No)
0
# File with time series of weight-at-age data
none
# Use bisection (0) or linear interpolation (1)
1
# Target Depletion
0.4
# CV of implementation error
0
