#Title, #runnumber: 3 petrale_data.ss petrale_control.ss 792.996 21.9351 8.49541 StartTime: Mon Oct 27 20:22:38 2025
SSv3_default_rebuild.dat
# Number of sexes
2
# Age range to consider (minimum age; maximum age)
0 40
# Number of fleets
2
# First year of projection (Yinit)
2015
# First Year of rebuilding period (Ydecl)
2013
# Number of simulations
1000
# Maximum number of years
500
# Conduct projections with multiple starting values (0=No;else yes)
0
# Number of parameter vectors
1000
# Is the maximum age a plus-group (1=Yes;2=No)
1
# Generate future recruitments using historical recruitments (1)  historical recruits/spawner (2)  or a stock-recruitment (3)
3
# Constant fishing mortality (1) or constant Catch (2) projections
1
# Fishing mortality based on SPR (1) or actual rate (2)
1
# Pre-specify the year of recovery (or -1) to ignore
-1
# Fecundity-at-age
# 0 1 2 3 4 5 6 7 8 9 10 11 12 13 14 15 16 17 18 19 20 21 22 23 24 25 26 27 28 29 30 31 32 33 34 35 36 37 38 39 40 #runnumber: 3 petrale_data.ss petrale_control.ss 792.996 21.9351 8.49541
 0 0 0 2.03946e-07 6.3923e-06 5.2971e-05 0.000171513 0.000335988 0.000509659 0.000674334 0.000823992 0.000957225 0.00107422 0.00117582 0.00126323 0.00133781 0.00140102 0.00145428 0.00149766 0.00153386 0.00156397 0.00158895 0.00160964 0.00162674 0.00164085 0.00165248 0.00166206 0.00166995 0.00167643 0.00168176 0.00168614 0.00168973 0.00169269 0.00169511 0.0016971 0.00169873 0.00170007 0.00170117 0.00170207 0.00170281 0.00170372 #female fecundity; weighted by N in year Y_init across morphs and areas
# Age specific selectivity and weight adjusted for discard and discard mortality
 #wt and selex for gender,fleet: 1 1 North
 0.0011506 0.0167323 0.079818 0.190106 0.335685 0.499172 0.665816 0.825457 0.972162 1.10315 1.21774 1.31651 1.40073 1.47196 1.53183 1.58193 1.62368 1.65693 1.68323 1.70503 1.72306 1.73796 1.75024 1.76036 1.7687 1.77555 1.78119 1.78582 1.78962 1.79275 1.79531 1.79741 1.79914 1.80056 1.80172 1.80267 1.80346 1.8041 1.80462 1.80505 1.80559
 0 2.95228e-05 0.000485884 0.00373628 0.0154009 0.0414498 0.0833695 0.137289 0.196853 0.256216 0.31142 0.360432 0.402629 0.438236 0.467895 0.492399 0.512542 0.529028 0.542536 0.553621 0.562708 0.570155 0.576257 0.581255 0.58535 0.588704 0.591453 0.593705 0.595551 0.597063 0.598303 0.599319 0.600151 0.600834 0.601394 0.601852 0.602229 0.602537 0.60279 0.602997 0.603254
 #wt and selex for gender,fleet: 1 2 South
 0.0011506 0.017721 0.084993 0.198785 0.344482 0.503248 0.660652 0.807812 0.940403 1.05723 1.15881 1.2464 1.32143 1.38534 1.43948 1.48512 1.52343 1.55449 1.57951 1.60035 1.61764 1.63197 1.64382 1.65361 1.66168 1.66832 1.6738 1.6783 1.682 1.68504 1.68753 1.68958 1.69127 1.69265 1.69378 1.69471 1.69547 1.6961 1.69661 1.69703 1.69755
 0 2.47098e-05 0.000710499 0.00731634 0.0340846 0.0943198 0.185672 0.292432 0.397705 0.490838 0.567915 0.629303 0.677239 0.714375 0.743116 0.765426 0.782831 0.796819 0.808195 0.817257 0.824506 0.830325 0.835012 0.838798 0.841863 0.84435 0.846372 0.848018 0.84936 0.850454 0.851348 0.852078 0.852676 0.853164 0.853564 0.853891 0.854159 0.854379 0.854559 0.854706 0.854889
 #wt and selex for gender,fleet: 2 1 North
 0.00125679 0.0234407 0.0989366 0.196626 0.298242 0.390926 0.470005 0.535534 0.589482 0.633895 0.670366 0.700144 0.724278 0.743694 0.759213 0.771546 0.781305 0.7888 0.794523 0.799016 0.802536 0.80529 0.807441 0.80912 0.810429 0.81145 0.812245 0.812864 0.813346 0.813721 0.814013 0.814241 0.814418 0.814555 0.814662 0.814746 0.81481 0.814861 0.8149 0.81493 0.814963
 0 4.82721e-09 7.80687e-06 0.00108158 0.0172262 0.0828372 0.204376 0.34637 0.474476 0.575433 0.650086 0.703957 0.742669 0.770638 0.791032 0.806055 0.817227 0.825831 0.832538 0.837644 0.841549 0.844545 0.846851 0.848629 0.850004 0.851067 0.851891 0.85253 0.853025 0.85341 0.853709 0.853941 0.854122 0.854262 0.854371 0.854456 0.854522 0.854573 0.854613 0.854644 0.854678
 #wt and selex for gender,fleet: 2 2 South
 0.00125679 0.0166868 0.116577 0.208053 0.290296 0.359441 0.420869 0.477994 0.530426 0.576867 0.616634 0.649815 0.676987 0.698945 0.716519 0.730486 0.741529 0.750124 0.756787 0.762011 0.7661 0.769296 0.771791 0.773737 0.775254 0.776436 0.777357 0.778074 0.778632 0.779066 0.779404 0.779667 0.779872 0.780031 0.780155 0.780251 0.780326 0.780384 0.78043 0.780465 0.780503
 0 4.19382e-09 9.25126e-06 0.00428924 0.0784125 0.301811 0.557249 0.737334 0.841519 0.898793 0.930758 0.949335 0.960645 0.967844 0.972606 0.975862 0.978149 0.97991 0.981294 0.982314 0.983074 0.983647 0.98408 0.984411 0.984664 0.984858 0.985008 0.985124 0.985213 0.985282 0.985336 0.985377 0.98541 0.985435 0.985454 0.985469 0.985481 0.98549 0.985497 0.985503 0.985509
# Sex ratio correction
1
# M and current age-structure in year Yinit: 2015
 # gender = 1
 0.148298 0.148298 0.148298 0.148298 0.148298 0.148298 0.148298 0.148298 0.148298 0.148298 0.148298 0.148298 0.148298 0.148298 0.148298 0.148298 0.148298 0.148298 0.148298 0.148298 0.148298 0.148298 0.148298 0.148298 0.148298 0.148298 0.148298 0.148298 0.148298 0.148298 0.148298 0.148298 0.148298 0.148298 0.148298 0.148298 0.148298 0.148298 0.148298 0.148298 0.148298
 7901.9 7379.1 4028.07 6752.97 3730.29 2776.31 3020.85 5315.92 3635.99 3121.26 1195.09 638.34 349.325 219.115 134.832 75.704 57.2543 43.5078 10.4566 4.58864 2.6683 1.18777 0.769937 0.163996 0.0992767 0.0532393 0.0230552 0.0087151 0.00262086 0.000654474 0.000378438 0.000203853 6.45605e-05 1.21127e-05 3.41094e-06 1.1759e-06 3.05802e-07 6.3321e-08 2.8312e-08 1.36996e-08 5.15042e-09
 # gender = 2
 0.164613 0.164613 0.164613 0.164613 0.164613 0.164613 0.164613 0.164613 0.164613 0.164613 0.164613 0.164613 0.164613 0.164613 0.164613 0.164613 0.164613 0.164613 0.164613 0.164613 0.164613 0.164613 0.164613 0.164613 0.164613 0.164613 0.164613 0.164613 0.164613 0.164613 0.164613 0.164613 0.164613 0.164613 0.164613 0.164613 0.164613 0.164613 0.164613 0.164613 0.164613
 7901.9 7259.69 3898.88 6433.25 3501.54 2551.11 2649.5 4312.49 2673.34 2057.11 689.049 303.186 126.877 58.1232 25.7883 10.5305 5.92631 3.38566 0.610627 0.202373 0.090933 0.0323352 0.0168988 0.0028344 0.0013355 0.000564808 0.00019415 5.74465e-05 1.32615e-05 2.46561e-06 1.01246e-06 3.6571e-07 7.35132e-08 8.5124e-09 1.51911e-09 3.5821e-10 6.92834e-11 1.15132e-11 4.42406e-12 1.91564e-12 6.33423e-13
# Age-structure at Ydeclare= 2013
 5419.03 9088.71 5034.25 3783.41 4208.7 7679.48 5504.92 4975.77 2004.35 1121.44 639.025 414.773 262.576 150.903 116.315 89.7634 21.8464 9.68555 5.67952 2.54552 1.65927 0.355033 0.215722 0.116037 0.0503743 0.0190806 0.00574758 0.00143722 0.000831971 0.000448564 0.000142167 2.66893e-05 7.51948e-06 2.59337e-06 6.7465e-07 1.39735e-07 6.24923e-08 3.02443e-08 8.02654e-09 2.18038e-09 1.16591e-09
 5419.03 8941.62 4872.76 3603.88 3949.07 7073.61 4898.81 4163.41 1506.84 701.359 305.382 143.849 65.0936 26.9581 15.3273 8.82235 1.60017 0.532646 0.240142 0.0856121 0.0448297 0.00753046 0.00355228 0.00150366 0.000517233 0.000153124 3.53631e-05 6.57689e-06 2.70136e-06 9.75944e-07 1.96209e-07 2.27225e-08 4.05539e-09 9.56336e-10 1.8498e-10 3.07406e-11 1.18127e-11 5.11509e-12 1.23628e-12 3.09148e-13 1.45962e-13
# Year for Tmin Age-structure (set to Ydecl by SS)
2013
#  recruitment and biomass
# Number of historical assessment years
148
# Historical data
# year recruitment spawner in B0 in R project in R/S project
1875  1876 1877 1878 1879 1880 1881 1882 1883 1884 1885 1886 1887 1888 1889 1890 1891 1892 1893 1894 1895 1896 1897 1898 1899 1900 1901 1902 1903 1904 1905 1906 1907 1908 1909 1910 1911 1912 1913 1914 1915 1916 1917 1918 1919 1920 1921 1922 1923 1924 1925 1926 1927 1928 1929 1930 1931 1932 1933 1934 1935 1936 1937 1938 1939 1940 1941 1942 1943 1944 1945 1946 1947 1948 1949 1950 1951 1952 1953 1954 1955 1956 1957 1958 1959 1960 1961 1962 1963 1964 1965 1966 1967 1968 1969 1970 1971 1972 1973 1974 1975 1976 1977 1978 1979 1980 1981 1982 1983 1984 1985 1986 1987 1988 1989 1990 1991 1992 1993 1994 1995 1996 1997 1998 1999 2000 2001 2002 2003 2004 2005 2006 2007 2008 2009 2010 2011 2012 2013 2014 2015 2016 2017 2018 2019 2020 2021 2022 #years (with first value representing R0)
16639.9 16645.3 16645.3 16645.4 16645.5 16645.6 16645.4 16645.1 16644.5 16643.7 16642.7 16641.6 16640.3 16639 16637.5 16635.9 16634.3 16632.6 16630.9 16629.1 16627.4 16625.7 16623.9 16622.3 16620.7 16619.2 16617.8 16616.5 16615.3 16614.4 16613.6 16613.1 16612.8 16612.9 16613.2 16614 16615.3 16617 16619.4 16622.3 16626 16630.4 16635.8 16638.3 16645.5 16657 16673.3 16689.3 16703.3 16719.5 16735.2 16754.2 16777.3 16801.8 16833 16869.5 16917.9 16979.4 17057.1 17150.9 17217.1 17234 17156.2 16873 16307.3 15443.5 14452 13614.7 13222.3 13529.4 14242.4 14326.5 13957.3 13649.3 13483.4 13630.7 13752.8 13577.7 13202.5 12933.2 12413 11724.7 11597.6 12996.3 17721.5 21786 15086.5 12653 13801.7 13246.6 43223.6 22215.5 9699.64 7631.65 7763.07 9263.98 10628.6 9239.19 8625.22 10048 12539.3 15245.9 9735.49 6488.86 9113.53 10092.9 8457.73 8824.79 14325 14415.4 9027.02 5583.18 8435.42 11083.5 12041.8 11783.3 9553.21 7024.64 15019.9 10767.9 11412.6 9376.83 10366.2 21382.5 14363.1 10060.9 9939.14 9473.42 9450.02 11566.7 15457.2 30363.2 27664 32574.3 15270.3 11810.7 13545.2 21083.2 10838.1 17117.4 15803.8 10190.7 9451.27 11301.4 13849.5 13250.6 14828.8 15335.8  #recruits; first value is R0 (virgin)
21.9351  21.9352 21.9347 21.9342 21.9338 21.9334 21.9274 21.9161 21.8999 21.8791 21.8541 21.8253 21.793 21.7576 21.7194 21.6786 21.6356 21.5906 21.5439 21.4955 21.4458 21.3948 21.3426 21.2895 21.2355 21.1808 21.1254 21.0694 21.0129 20.956 20.8987 20.841 20.7831 20.7249 20.6665 20.608 20.5494 20.4906 20.4319 20.3731 20.3144 20.2558 20.1999 20.0746 20.0134 20.0074 20.0609 20.0813 20.0325 19.9859 19.8866 19.7962 19.717 19.5866 19.4734 19.3247 19.2148 19.1289 19.08 19.107 18.7694 18.5609 18.5647 18.383 18.1616 17.7671 17.5429 17.4397 16.91 16.3349 16.1168 15.9228 15.0381 14.3773 12.6713 11.5749 10.3781 9.84669 9.44688 9.19574 8.68212 8.31963 8.20688 7.75508 7.47019 7.39185 7.18855 6.77779 6.32171 5.94367 6.00623 6.25891 6.46772 6.65636 6.83252 7.18646 7.72569 8.25176 8.43605 8.14324 7.18319 6.07451 5.22908 4.6169 3.66001 2.8187 2.40641 2.28647 1.93511 1.7483 1.67561 1.58008 1.53241 1.39273 1.39826 1.44589 1.49991 1.35453 1.31713 1.40787 1.65498 1.84757 1.92434 1.91373 2.12837 2.39006 2.50067 2.5922 2.75622 2.99724 3.34351 3.30393 3.12007 2.94783 2.75525 2.81938 3.61145 4.88601 6.53922 7.97934 9.10871 9.71908 9.97248 9.92355 9.75934 9.63386 9.66366 9.19217 #spbio; first value is SSB_virgin (virgin)
1 0 0 0 0 0 0 0 0 0 0 0 0 0 0 0 0 0 0 0 0 0 0 0 0 0 0 0 0 0 0 0 0 0 0 0 0 0 0 0 0 0 0 0 0 0 0 0 0 0 0 0 0 0 0 0 0 0 0 0 0 0 0 0 0 0 0 0 0 0 0 0 0 0 0 0 0 0 0 0 0 0 0 0 0 0 0 0 0 0 0 0 0 0 0 0 0 0 0 0 0 0 0 0 0 0 0 0 0 0 0 0 0 0 0 0 0 0 0 0 0 0 0 0 0 0 0 0 0 0 0 0 0 0 0 0 0 0 0 0 0 0 0 0 0 0 0 0  # in Bzero
0 1 1 1 1 1 1 1 1 1 1 1 1 1 1 1 1 1 1 1 1 1 1 1 1 1 1 1 1 1 1 1 1 1 1 1 1 1 1 1 1 1 1 1 1 1 1 1 1 1 1 1 1 1 1 1 1 1 1 1 1 1 1 1 1 1 1 1 1 1 1 1 1 1 1 1 1 1 1 1 1 1 1 1 1 1 1 1 1 1 1 1 1 1 1 1 1 1 1 1 1 1 1 1 1 1 1 1 1 1 1 1 1 1 1 1 1 1 1 1 1 1 1 1 1 1 1 1 1 1 1 1 1 1 1 1 1 1 1 1 1 1 1 1 1  0 0 0 # in R project
0 1 1 1 1 1 1 1 1 1 1 1 1 1 1 1 1 1 1 1 1 1 1 1 1 1 1 1 1 1 1 1 1 1 1 1 1 1 1 1 1 1 1 1 1 1 1 1 1 1 1 1 1 1 1 1 1 1 1 1 1 1 1 1 1 1 1 1 1 1 1 1 1 1 1 1 1 1 1 1 1 1 1 1 1 1 1 1 1 1 1 1 1 1 1 1 1 1 1 1 1 1 1 1 1 1 1 1 1 1 1 1 1 1 1 1 1 1 1 1 1 1 1 1 1 1 1 1 1 1 1 1 1 1 1 1 1 1 1 1 1 1 1 1 1  0 0 0 # in R/S project
# Number of years with pre-specified catches
0
# catches for years with pre-specified catches go next
# Number of future recruitments to override
2
# Process for overiding (-1 for average otherwise index in data list)
2014 1 2014
2015 1 2015
# Which probability to product detailed results for (1=0.5; 2=0.6; etc.)
3
# Steepness sigma-R Auto-correlation
0.8 0.5 0
# Target SPR rate (FMSY Proxy); manually change to SPR_MSY if not using SPR_target
0.3
# Discount rate (for cumulative catch)
0.1
# Truncate the series when 0.4B0 is reached (1=Yes)
0
# Set F to FMSY once 0.4B0 is reached (1=Yes)
0
# Maximum possible F for projection (-1 to set to FMSY)
-1
# Defintion of recovery (1=now only;2=now or before)
2
# Projection type
4
# Definition of the 40-10 rule
10 40
# Sigma Assessment Error (Base, Year1, Slope, MaxSigma)
1.0 2023 0.075 2.0
# Pstar
0.45
# Constrain catches by the ABC (1=yes, 2=no)
2
# Implementation Error (0=no; 1=lognormal; 2=uniform)
0
#Parameters of Implementaion Error
1 0.3
# Calculate coefficients of variation (1=Yes)
0
# Number of replicates to use
10
# Random number seed
-99004
# File with multiple parameter vectors 
rebuild.SSO
# User-specific projection (1=Yes); Output replaced (1->9)
0  5
# Catches and Fs (Year; 1/2/3 (F or C or SPR); value); Final row is -1
2022 1 1
-1 -1 -1
# Fixed catch project (1=Yes); Output replaced (1->9); Approach (-1=Read in else 1-9)
0 2 -1
# (48a) Special catch options (1-Yes) [CUT_OFF, Emsy, distribution, MAXCAT, Add, replace_code]
0 0.18 1.00 1.00 0 6
# (48b) B1Target
150000
# Split of Fs
2015  0.44562
 0.55438
-1  1 1 1 1
# Yrs to define T_target for projection type 4 (a.k.a. 5 pre-specified inputs)
2028 2029 2030 2031 2032 
# Year for probability of recovery
2032 2033 2034 2035 2036 2037 2038 2039
# Time varying weight-at-age (1=Yes;0=No)
0
# File with time series of weight-at-age data
none
# Use bisection (0) or linear interpolation (1)
1
# Target Depletion
0.4
# CV of implementation error
0
