#Title, #runnumber: 3 petrale_data.ss petrale_control.ss 917.07 21.9555 7.4629 StartTime: Wed Jun 18 20:01:24 2025
SSv3_default_rebuild.dat
# Number of sexes
2
# Age range to consider (minimum age; maximum age)
0 40
# Number of fleets
2
# First year of projection (Yinit)
2015
# First Year of rebuilding period (Ydecl)
2013
# Number of simulations
1000
# Maximum number of years
500
# Conduct projections with multiple starting values (0=No;else yes)
0
# Number of parameter vectors
1000
# Is the maximum age a plus-group (1=Yes;2=No)
1
# Generate future recruitments using historical recruitments (1)  historical recruits/spawner (2)  or a stock-recruitment (3)
3
# Constant fishing mortality (1) or constant Catch (2) projections
1
# Fishing mortality based on SPR (1) or actual rate (2)
1
# Pre-specify the year of recovery (or -1) to ignore
-1
# Fecundity-at-age
# 0 1 2 3 4 5 6 7 8 9 10 11 12 13 14 15 16 17 18 19 20 21 22 23 24 25 26 27 28 29 30 31 32 33 34 35 36 37 38 39 40 #runnumber: 3 petrale_data.ss petrale_control.ss 917.07 21.9555 7.4629
 0 0 0 3.21533e-07 8.13311e-06 5.93597e-05 0.000182856 0.000351649 0.000529402 0.000698225 0.00085232 0.000990357 0.00111247 0.00121936 0.00131207 0.00139184 0.00145999 0.00151789 0.00156568 0.00160589 0.00163959 0.00166777 0.00169128 0.00171086 0.00172713 0.00174065 0.00175185 0.00176114 0.00176883 0.00177519 0.00178046 0.00178481 0.00178841 0.00179138 0.00179384 0.00179587 0.00179754 0.00179892 0.00180007 0.00180101 0.0018022 #female fecundity; weighted by N in year Y_init across morphs and areas
# Age specific selectivity and weight adjusted for discard and discard mortality
 #wt and selex for gender,fleet: 1 1 North
 0.00178391 0.0230322 0.0910872 0.203052 0.347002 0.507273 0.670682 0.827992 0.97361 1.10473 1.22046 1.32112 1.40772 1.48162 1.54427 1.59713 1.64155 1.67756 1.70659 1.73084 1.75104 1.76785 1.78182 1.79341 1.80301 1.81097 1.81756 1.82301 1.82752 1.83125 1.83433 1.83687 1.83897 1.84071 1.84214 1.84333 1.84431 1.84511 1.84578 1.84633 1.84702
 0 4.65304e-05 0.000702964 0.00486695 0.0188076 0.0486919 0.0956855 0.155368 0.220838 0.285826 0.346107 0.39953 0.445463 0.484184 0.516418 0.543046 0.564945 0.582941 0.597759 0.609943 0.619957 0.628189 0.634958 0.640525 0.645105 0.648876 0.65198 0.654538 0.656644 0.658381 0.659812 0.660992 0.661965 0.662767 0.663429 0.663975 0.664425 0.664797 0.665103 0.665356 0.665676
 #wt and selex for gender,fleet: 1 2 South
 0.00178392 0.0248985 0.0966642 0.211051 0.354021 0.509095 0.663553 0.809265 0.941974 1.06021 1.16414 1.25471 1.33309 1.40051 1.45818 1.50725 1.5488 1.58304 1.61111 1.63466 1.65437 1.67082 1.68453 1.69593 1.7054 1.71325 1.71976 1.72516 1.72962 1.73331 1.73637 1.73889 1.74098 1.7427 1.74413 1.7453 1.74627 1.74708 1.74774 1.74829 1.74898
 0 4.58518e-05 0.00110559 0.00965146 0.0408788 0.107238 0.204905 0.317303 0.427194 0.523817 0.603304 0.666194 0.714951 0.752444 0.781256 0.803477 0.820717 0.834505 0.845671 0.854539 0.861619 0.867298 0.871873 0.875573 0.878574 0.881015 0.883006 0.884632 0.885963 0.887053 0.887948 0.888683 0.889288 0.889785 0.890194 0.89053 0.890808 0.891036 0.891225 0.89138 0.891576
 #wt and selex for gender,fleet: 2 1 North
 0.00183689 0.035509 0.110139 0.204192 0.301188 0.390649 0.468376 0.534057 0.589162 0.635368 0.674005 0.706112 0.73258 0.754225 0.771798 0.785976 0.797356 0.806283 0.81325 0.818792 0.823191 0.826676 0.829434 0.831613 0.833334 0.834692 0.835762 0.836606 0.837271 0.837795 0.838208 0.838533 0.838789 0.838991 0.839149 0.839274 0.839372 0.83945 0.839511 0.839559 0.839612
 0 1.16461e-08 1.92937e-05 0.00168678 0.0219664 0.0969353 0.230281 0.383017 0.518768 0.624083 0.700653 0.754984 0.793427 0.820837 0.840616 0.855076 0.865778 0.874007 0.880423 0.885315 0.889068 0.891961 0.894201 0.895942 0.897297 0.898355 0.899183 0.899831 0.900339 0.900737 0.90105 0.901295 0.901488 0.90164 0.90176 0.901853 0.901927 0.901985 0.902031 0.902067 0.902107
 #wt and selex for gender,fleet: 2 2 South
 0.00183689 0.0339483 0.129254 0.214711 0.291998 0.358805 0.41997 0.478314 0.532992 0.582262 0.625088 0.661316 0.691379 0.715989 0.73594 0.751999 0.764858 0.775029 0.783046 0.789409 0.79445 0.798438 0.80159 0.804078 0.806041 0.807589 0.808809 0.80977 0.810528 0.811124 0.811594 0.811964 0.812255 0.812485 0.812665 0.812807 0.812919 0.813007 0.813076 0.813131 0.813192
 0 4.92713e-09 2.65135e-05 0.00638973 0.0928874 0.33041 0.591553 0.770238 0.869885 0.922305 0.950225 0.965733 0.974796 0.980364 0.983942 0.986332 0.98798 0.989226 0.99019 0.990895 0.991419 0.991812 0.992111 0.992339 0.992515 0.99265 0.992756 0.992838 0.992902 0.992952 0.992991 0.993021 0.993045 0.993064 0.993079 0.993091 0.9931 0.993107 0.993113 0.993117 0.993122
# Sex ratio correction
1
# M and current age-structure in year Yinit: 2015
 # gender = 1
 0.149577 0.149577 0.149577 0.149577 0.149577 0.149577 0.149577 0.149577 0.149577 0.149577 0.149577 0.149577 0.149577 0.149577 0.149577 0.149577 0.149577 0.149577 0.149577 0.149577 0.149577 0.149577 0.149577 0.149577 0.149577 0.149577 0.149577 0.149577 0.149577 0.149577 0.149577 0.149577 0.149577 0.149577 0.149577 0.149577 0.149577 0.149577 0.149577 0.149577 0.149577
 7417.25 5411.19 3879.86 6728.56 2939.95 2604.48 2478.84 5247.14 3681.26 3074.16 1180.22 637.618 318.786 213.623 109.108 77.5553 45.4912 35.5968 8.23175 3.92552 2.13739 0.947942 0.573835 0.123159 0.0747205 0.0388861 0.0163457 0.00610675 0.00176967 0.000472328 0.000265419 0.000138379 4.33986e-05 8.1032e-06 2.29317e-06 8.00769e-07 2.03322e-07 4.49059e-08 1.98938e-08 9.35998e-09 3.58648e-09
 # gender = 2
 0.162787 0.162787 0.162787 0.162787 0.162787 0.162787 0.162787 0.162787 0.162787 0.162787 0.162787 0.162787 0.162787 0.162787 0.162787 0.162787 0.162787 0.162787 0.162787 0.162787 0.162787 0.162787 0.162787 0.162787 0.162787 0.162787 0.162787 0.162787 0.162787 0.162787 0.162787 0.162787 0.162787 0.162787 0.162787 0.162787 0.162787 0.162787 0.162787 0.162787 0.162787
 7417.25 5340.18 3778.88 6471.06 2795.21 2431.34 2217.75 4370.32 2802.25 2117.12 716.849 320.532 122.594 59.8478 21.9957 11.3857 4.99351 2.9597 0.519121 0.189839 0.0815129 0.0295685 0.0147767 0.00256019 0.00124411 0.000527079 0.000181737 5.50754e-05 1.2756e-05 2.64711e-06 1.10309e-06 4.02815e-07 8.39576e-08 1.0162e-08 1.92261e-09 4.84506e-10 9.64046e-11 1.79983e-11 7.18505e-12 3.15861e-12 1.12778e-12
# Age-structure at Ydeclare= 2013
 5233.09 9080.65 3980.87 3565.18 3473.64 7631.03 5612.28 4933.48 1991.58 1126.34 586 406.116 213.289 155.117 92.6993 73.6461 17.2425 8.30623 4.56028 2.03626 1.2395 0.267236 0.162737 0.0849505 0.0357984 0.0134019 0.00389029 0.00103978 0.00058496 0.000305264 9.58115e-05 1.7901e-05 5.06858e-06 1.77071e-06 4.4976e-07 9.93636e-08 4.40299e-08 2.07201e-08 5.55487e-09 1.54106e-09 8.45253e-10
 5233.09 8961.48 3877.22 3428.21 3301.12 7141.76 5094.51 4233.71 1543.73 728.209 289.154 144.888 54.2323 28.4393 12.59 7.5134 1.32459 0.486316 0.209453 0.0761556 0.0381265 0.00661488 0.00321791 0.00136443 0.000470761 0.000142736 3.30722e-05 6.86522e-06 2.86153e-06 1.04514e-06 2.17869e-07 2.63733e-08 4.99019e-09 1.25764e-09 2.50254e-10 4.67232e-11 1.86529e-11 8.20023e-12 2.08835e-12 5.55308e-13 2.84321e-13
# Year for Tmin Age-structure (set to Ydecl by SS)
2013
#  recruitment and biomass
# Number of historical assessment years
148
# Historical data
# year recruitment spawner in B0 in R project in R/S project
1875  1876 1877 1878 1879 1880 1881 1882 1883 1884 1885 1886 1887 1888 1889 1890 1891 1892 1893 1894 1895 1896 1897 1898 1899 1900 1901 1902 1903 1904 1905 1906 1907 1908 1909 1910 1911 1912 1913 1914 1915 1916 1917 1918 1919 1920 1921 1922 1923 1924 1925 1926 1927 1928 1929 1930 1931 1932 1933 1934 1935 1936 1937 1938 1939 1940 1941 1942 1943 1944 1945 1946 1947 1948 1949 1950 1951 1952 1953 1954 1955 1956 1957 1958 1959 1960 1961 1962 1963 1964 1965 1966 1967 1968 1969 1970 1971 1972 1973 1974 1975 1976 1977 1978 1979 1980 1981 1982 1983 1984 1985 1986 1987 1988 1989 1990 1991 1992 1993 1994 1995 1996 1997 1998 1999 2000 2001 2002 2003 2004 2005 2006 2007 2008 2009 2010 2011 2012 2013 2014 2015 2016 2017 2018 2019 2020 2021 2022 #years (with first value representing R0)
16270.4 16275.8 16275.9 16276 16276.1 16276.2 16276.1 16275.8 16275.2 16274.5 16273.6 16272.5 16271.4 16270.1 16268.7 16267.2 16265.7 16264.1 16262.6 16261 16259.4 16257.9 16256.4 16255 16253.6 16252.4 16251.3 16250.4 16249.6 16249.1 16248.8 16248.8 16249.2 16249.9 16251 16252.6 16254.8 16257.6 16261 16265.3 16270.4 16276.4 16283.5 16287.9 16297.2 16311 16329.8 16348.6 16365.7 16385.4 16404.9 16428 16455.7 16485 16521.6 16564.1 16619.2 16688.8 16776.2 16882.7 16966.2 17006.8 16960.3 16715.5 16192.1 15368.8 14407.6 13579.2 13164.3 13413.7 14084.9 14190.4 13833 13544.3 13411.2 13598.5 13754.5 13600.6 13234.2 12968.3 12448.6 11746.6 11590.7 12923.1 17459.5 21799.1 15208.9 12714.5 13964 13649.1 41305.2 23162.7 9720.51 7597 7726.61 9235.07 10620.3 9407.26 8738.89 10087.4 12441 15096.1 9979.84 6742.27 8898.95 10110.3 8370.88 8685.81 14154 14326.9 9206.75 5805.25 8113.2 10918.7 11832.9 11752.7 9668.62 6979.76 14556.6 10968.5 11437.3 9823.79 9768.65 20443.7 13008.5 11463.1 8742.16 9840.43 9041.27 11968.6 15684.3 30561.9 28515.3 32628.3 12675.2 11173.7 10738.5 21091.5 10466.2 12568.5 14834.5 9668.98 7992.45 10031.2 10732.1 12218 14357.4 14778.5  #recruits; first value is R0 (virgin)
21.9555  21.9557 21.9552 21.9547 21.9543 21.9539 21.9478 21.9365 21.9202 21.8992 21.874 21.845 21.8123 21.7766 21.7379 21.6968 21.6533 21.6079 21.5606 21.5117 21.4614 21.4099 21.3572 21.3035 21.2489 21.1936 21.1377 21.0811 21.0241 20.9666 20.9087 20.8505 20.7921 20.7334 20.6746 20.6156 20.5566 20.4975 20.4384 20.3793 20.3203 20.2615 20.2055 20.0797 20.0184 20.0129 20.0673 20.0886 20.0406 19.9948 19.8961 19.8065 19.7282 19.5985 19.4862 19.3384 19.2297 19.1453 19.0984 19.1283 18.7913 18.5846 18.5918 18.4124 18.1943 17.8011 17.5787 17.4785 16.9428 16.364 16.1533 15.9698 15.089 14.4393 12.7304 11.6403 10.4401 9.90815 9.508 9.26019 8.74746 8.38849 8.28354 7.83581 7.55827 7.49014 7.29343 6.88808 6.43591 6.06481 6.13721 6.3955 6.60678 6.80265 7.00255 7.38566 7.92754 8.43643 8.59757 8.2807 7.29654 6.17101 5.31845 4.70429 3.74348 2.90081 2.48431 2.35467 1.98714 1.79621 1.72456 1.62715 1.57743 1.4361 1.43958 1.481 1.53235 1.38712 1.35071 1.44055 1.6866 1.87675 1.95394 1.94563 2.16224 2.42845 2.5473 2.65093 2.8169 3.024 3.32663 3.24832 3.03816 2.85248 2.66277 2.75595 3.60581 4.95842 6.68765 8.1479 9.22419 9.72562 9.84559 9.66144 9.35326 9.05695 8.92214 8.29532 #spbio; first value is SSB_virgin (virgin)
1 0 0 0 0 0 0 0 0 0 0 0 0 0 0 0 0 0 0 0 0 0 0 0 0 0 0 0 0 0 0 0 0 0 0 0 0 0 0 0 0 0 0 0 0 0 0 0 0 0 0 0 0 0 0 0 0 0 0 0 0 0 0 0 0 0 0 0 0 0 0 0 0 0 0 0 0 0 0 0 0 0 0 0 0 0 0 0 0 0 0 0 0 0 0 0 0 0 0 0 0 0 0 0 0 0 0 0 0 0 0 0 0 0 0 0 0 0 0 0 0 0 0 0 0 0 0 0 0 0 0 0 0 0 0 0 0 0 0 0 0 0 0 0 0 0 0 0  # in Bzero
0 1 1 1 1 1 1 1 1 1 1 1 1 1 1 1 1 1 1 1 1 1 1 1 1 1 1 1 1 1 1 1 1 1 1 1 1 1 1 1 1 1 1 1 1 1 1 1 1 1 1 1 1 1 1 1 1 1 1 1 1 1 1 1 1 1 1 1 1 1 1 1 1 1 1 1 1 1 1 1 1 1 1 1 1 1 1 1 1 1 1 1 1 1 1 1 1 1 1 1 1 1 1 1 1 1 1 1 1 1 1 1 1 1 1 1 1 1 1 1 1 1 1 1 1 1 1 1 1 1 1 1 1 1 1 1 1 1 1 1 1 1 1 1 1  0 0 0 # in R project
0 1 1 1 1 1 1 1 1 1 1 1 1 1 1 1 1 1 1 1 1 1 1 1 1 1 1 1 1 1 1 1 1 1 1 1 1 1 1 1 1 1 1 1 1 1 1 1 1 1 1 1 1 1 1 1 1 1 1 1 1 1 1 1 1 1 1 1 1 1 1 1 1 1 1 1 1 1 1 1 1 1 1 1 1 1 1 1 1 1 1 1 1 1 1 1 1 1 1 1 1 1 1 1 1 1 1 1 1 1 1 1 1 1 1 1 1 1 1 1 1 1 1 1 1 1 1 1 1 1 1 1 1 1 1 1 1 1 1 1 1 1 1 1 1  0 0 0 # in R/S project
# Number of years with pre-specified catches
0
# catches for years with pre-specified catches go next
# Number of future recruitments to override
2
# Process for overiding (-1 for average otherwise index in data list)
2014 1 2014
2015 1 2015
# Which probability to product detailed results for (1=0.5; 2=0.6; etc.)
3
# Steepness sigma-R Auto-correlation
0.8 0.5 0
# Target SPR rate (FMSY Proxy); manually change to SPR_MSY if not using SPR_target
0.3
# Discount rate (for cumulative catch)
0.1
# Truncate the series when 0.4B0 is reached (1=Yes)
0
# Set F to FMSY once 0.4B0 is reached (1=Yes)
0
# Maximum possible F for projection (-1 to set to FMSY)
-1
# Defintion of recovery (1=now only;2=now or before)
2
# Projection type
4
# Definition of the 40-10 rule
10 40
# Sigma Assessment Error (Base, Year1, Slope, MaxSigma)
1.0 2023 0.075 2.0
# Pstar
0.45
# Constrain catches by the ABC (1=yes, 2=no)
2
# Implementation Error (0=no; 1=lognormal; 2=uniform)
0
#Parameters of Implementaion Error
1 0.3
# Calculate coefficients of variation (1=Yes)
0
# Number of replicates to use
10
# Random number seed
-99004
# File with multiple parameter vectors 
rebuild.SSO
# User-specific projection (1=Yes); Output replaced (1->9)
0  5
# Catches and Fs (Year; 1/2/3 (F or C or SPR); value); Final row is -1
2022 1 1
-1 -1 -1
# Fixed catch project (1=Yes); Output replaced (1->9); Approach (-1=Read in else 1-9)
0 2 -1
# (48a) Special catch options (1-Yes) [CUT_OFF, Emsy, distribution, MAXCAT, Add, replace_code]
0 0.18 1.00 1.00 0 6
# (48b) B1Target
150000
# Split of Fs
2015  0.44562
 0.55438
-1  1 1 1 1
# Yrs to define T_target for projection type 4 (a.k.a. 5 pre-specified inputs)
2028 2029 2030 2031 2032 
# Year for probability of recovery
2032 2033 2034 2035 2036 2037 2038 2039
# Time varying weight-at-age (1=Yes;0=No)
0
# File with time series of weight-at-age data
none
# Use bisection (0) or linear interpolation (1)
1
# Target Depletion
0.4
# CV of implementation error
0
