#Title, #runnumber: 3 petrale_data.ss petrale_control.ss 639.828 22.8735 7.98385 StartTime: Thu Jun 18 15:46:56 2026
SSv3_default_rebuild.dat
# Number of sexes
2
# Age range to consider (minimum age; maximum age)
0 40
# Number of fleets
2
# First year of projection (Yinit)
2015
# First Year of rebuilding period (Ydecl)
2013
# Number of simulations
1000
# Maximum number of years
500
# Conduct projections with multiple starting values (0=No;else yes)
0
# Number of parameter vectors
1000
# Is the maximum age a plus-group (1=Yes;2=No)
1
# Generate future recruitments using historical recruitments (1)  historical recruits/spawner (2)  or a stock-recruitment (3)
3
# Constant fishing mortality (1) or constant Catch (2) projections
1
# Fishing mortality based on SPR (1) or actual rate (2)
1
# Pre-specify the year of recovery (or -1) to ignore
-1
# Fecundity-at-age
# 0 1 2 3 4 5 6 7 8 9 10 11 12 13 14 15 16 17 18 19 20 21 22 23 24 25 26 27 28 29 30 31 32 33 34 35 36 37 38 39 40 #runnumber: 3 petrale_data.ss petrale_control.ss 639.828 22.8735 7.98385
 0 0 0 2.27086e-07 6.88607e-06 5.55333e-05 0.000176396 0.000341465 0.000514229 0.000677231 0.000824881 0.000955984 0.00107084 0.00117037 0.00125582 0.00132859 0.00139015 0.00144193 0.00148402 0.00151909 0.00154822 0.00157235 0.0015923 0.00160877 0.00162235 0.00163352 0.00164272 0.00165027 0.00165648 0.00166157 0.00166575 0.00166918 0.00167199 0.0016743 0.00167619 0.00167774 0.001679 0.00168004 0.0016809 0.0016816 0.00168246 #female fecundity; weighted by N in year Y_init across morphs and areas
# Age specific selectivity and weight adjusted for discard and discard mortality
 #wt and selex for gender,fleet: 1 1 North
 0.00119533 0.0178139 0.081357 0.191898 0.337197 0.499988 0.665662 0.824182 0.9697 1.0995 1.21293 1.31059 1.39377 1.46404 1.52303 1.57232 1.61334 1.64595 1.67167 1.69297 1.71055 1.72506 1.73701 1.74685 1.75493 1.76157 1.76703 1.77151 1.77518 1.77819 1.78066 1.78269 1.78435 1.78571 1.78682 1.78773 1.78848 1.78909 1.7896 1.79001 1.79052
 0 4.47897e-05 0.000662388 0.00461296 0.0177856 0.0457485 0.0892129 0.143813 0.203169 0.26169 0.315719 0.363457 0.404427 0.438924 0.467616 0.491295 0.510744 0.526645 0.539661 0.550332 0.559073 0.566231 0.57209 0.576886 0.580811 0.584024 0.586654 0.588806 0.590569 0.592011 0.593193 0.59416 0.594952 0.5956 0.596131 0.596566 0.596922 0.597213 0.597452 0.597648 0.59789
 #wt and selex for gender,fleet: 1 2 South
 0.00119533 0.0187984 0.0861148 0.199899 0.345244 0.503474 0.660264 0.806786 0.938712 1.05481 1.15559 1.2423 1.31639 1.37935 1.43257 1.47734 1.51484 1.54516 1.56953 1.58978 1.60657 1.62046 1.63193 1.64138 1.64917 1.65558 1.66084 1.66517 1.66872 1.67163 1.67403 1.67599 1.67759 1.67891 1.67999 1.68088 1.6816 1.6822 1.68268 1.68308 1.68358
 0 3.88733e-05 0.000977485 0.00897104 0.0388276 0.1025 0.195769 0.302405 0.406166 0.497262 0.572352 0.632051 0.678647 0.714754 0.742715 0.764434 0.781389 0.795022 0.806111 0.814947 0.822015 0.827688 0.832257 0.835946 0.838932 0.841354 0.843321 0.844921 0.846224 0.847287 0.848154 0.848861 0.84944 0.849912 0.850298 0.850614 0.850873 0.851084 0.851257 0.851399 0.851574
 #wt and selex for gender,fleet: 2 1 North
 0.00126355 0.0237705 0.0969562 0.19481 0.297123 0.39049 0.469996 0.535631 0.589388 0.633387 0.669312 0.698487 0.722022 0.740877 0.755891 0.767784 0.777164 0.784331 0.789773 0.794035 0.797366 0.799965 0.801991 0.803569 0.804797 0.805752 0.806495 0.807072 0.80752 0.807869 0.808139 0.808349 0.808513 0.808639 0.808738 0.808814 0.808873 0.808919 0.808955 0.808983 0.809013
 0 6.42292e-09 1.20962e-05 0.00140355 0.0201529 0.0910379 0.216253 0.358188 0.483912 0.581955 0.654052 0.705942 0.743192 0.770098 0.789718 0.804171 0.814918 0.823204 0.829672 0.834592 0.838351 0.841232 0.843447 0.845153 0.846469 0.847486 0.848272 0.848881 0.849353 0.849718 0.850001 0.850221 0.850391 0.850523 0.850626 0.850706 0.850767 0.850815 0.850852 0.850881 0.850912
 #wt and selex for gender,fleet: 2 2 South
 0.00126355 0.0180354 0.112842 0.20542 0.289088 0.359173 0.421009 0.478066 0.530029 0.575743 0.614671 0.647004 0.673382 0.694627 0.711579 0.725016 0.735612 0.74383 0.750179 0.755145 0.759024 0.762048 0.764405 0.766239 0.767666 0.768776 0.769638 0.770308 0.770829 0.771233 0.771547 0.771791 0.771981 0.772128 0.772242 0.77233 0.772399 0.772453 0.772494 0.772526 0.772561
 0 4.41181e-09 1.36526e-05 0.00538331 0.0891389 0.323249 0.577148 0.750421 0.849016 0.902886 0.932947 0.950466 0.961175 0.968018 0.972563 0.975679 0.977873 0.979575 0.980922 0.981915 0.982656 0.983213 0.983635 0.983956 0.984202 0.98439 0.984535 0.984647 0.984733 0.9848 0.984852 0.984892 0.984923 0.984947 0.984965 0.98498 0.984991 0.985 0.985006 0.985012 0.985017
# Sex ratio correction
1
# M and current age-structure in year Yinit: 2015
 # gender = 1
 0.139101 0.139101 0.139101 0.139101 0.139101 0.139101 0.139101 0.139101 0.139101 0.139101 0.139101 0.139101 0.139101 0.139101 0.139101 0.139101 0.139101 0.139101 0.139101 0.139101 0.139101 0.139101 0.139101 0.139101 0.139101 0.139101 0.139101 0.139101 0.139101 0.139101 0.139101 0.139101 0.139101 0.139101 0.139101 0.139101 0.139101 0.139101 0.139101 0.139101 0.139101
 6859.56 5873.12 3362.28 6418.54 3314.57 2494.15 2798.04 4966.02 3633.63 3266.79 1191.35 638.858 352.346 232.291 133.149 74.0552 54.7066 39.8421 9.95296 4.36552 2.53568 1.13315 0.722778 0.15549 0.0953065 0.0502746 0.0220107 0.00829547 0.00252499 0.000652304 0.000376781 0.000201363 6.56773e-05 1.22452e-05 3.51686e-06 1.24088e-06 3.22203e-07 6.8442e-08 3.13058e-08 1.49953e-08 5.71958e-09
 # gender = 2
 0.153188 0.153188 0.153188 0.153188 0.153188 0.153188 0.153188 0.153188 0.153188 0.153188 0.153188 0.153188 0.153188 0.153188 0.153188 0.153188 0.153188 0.153188 0.153188 0.153188 0.153188 0.153188 0.153188 0.153188 0.153188 0.153188 0.153188 0.153188 0.153188 0.153188 0.153188 0.153188 0.153188 0.153188 0.153188 0.153188 0.153188 0.153188 0.153188 0.153188 0.153188
 6859.56 5790.96 3269.02 6156.36 3140.22 2317.64 2485.87 4091.54 2723.32 2202.83 703.185 308.446 128.019 60.2683 24.2778 9.57264 5.14056 2.75144 0.505087 0.164664 0.0731894 0.0259903 0.0132863 0.00223431 0.00106104 0.000440657 0.000152957 4.51696e-05 1.05962e-05 2.04411e-06 8.37672e-07 2.98848e-07 6.14533e-08 7.01822e-09 1.2691e-09 3.04439e-10 5.83552e-11 9.87628e-12 3.85269e-12 1.63761e-12 5.44189e-13
# Age-structure at Ydeclare= 2013
 4440.94 8482.14 4394 3341.48 3835.99 7062.48 5413.95 5119.78 1961.58 1100.21 630.961 429.924 253.27 144.064 108.392 80.1256 20.2603 8.97483 5.25523 2.36398 1.51597 0.327559 0.201494 0.106599 0.0467816 0.0176656 0.00538567 0.00139314 0.000805557 0.000430889 0.000140641 2.6237e-05 7.53895e-06 2.66107e-06 6.91184e-07 1.46859e-07 6.71888e-08 3.21887e-08 8.59791e-09 2.38559e-09 1.29646e-09
 4440.94 8363.49 4272.08 3204.56 3632.57 6579.42 4881.85 4349.14 1496.55 693.273 299.075 144.685 59.4212 23.757 12.8871 6.94908 1.2828 0.420022 0.187316 0.0666871 0.0341568 0.00575262 0.00273495 0.00113685 0.00039488 0.000116673 2.73811e-05 5.28374e-06 2.16579e-06 7.72815e-07 1.5894e-07 1.81537e-08 3.28301e-09 7.87602e-10 1.50976e-10 2.55529e-11 9.96839e-12 4.23723e-12 1.02367e-12 2.60255e-13 1.2417e-13
# Year for Tmin Age-structure (set to Ydecl by SS)
2013
#  recruitment and biomass
# Number of historical assessment years
148
# Historical data
# year recruitment spawner in B0 in R project in R/S project
1875  1876 1877 1878 1879 1880 1881 1882 1883 1884 1885 1886 1887 1888 1889 1890 1891 1892 1893 1894 1895 1896 1897 1898 1899 1900 1901 1902 1903 1904 1905 1906 1907 1908 1909 1910 1911 1912 1913 1914 1915 1916 1917 1918 1919 1920 1921 1922 1923 1924 1925 1926 1927 1928 1929 1930 1931 1932 1933 1934 1935 1936 1937 1938 1939 1940 1941 1942 1943 1944 1945 1946 1947 1948 1949 1950 1951 1952 1953 1954 1955 1956 1957 1958 1959 1960 1961 1962 1963 1964 1965 1966 1967 1968 1969 1970 1971 1972 1973 1974 1975 1976 1977 1978 1979 1980 1981 1982 1983 1984 1985 1986 1987 1988 1989 1990 1991 1992 1993 1994 1995 1996 1997 1998 1999 2000 2001 2002 2003 2004 2005 2006 2007 2008 2009 2010 2011 2012 2013 2014 2015 2016 2017 2018 2019 2020 2021 2022 #years (with first value representing R0)
15056 15060.6 15060.6 15060.6 15060.7 15060.8 15060.6 15060.2 15059.7 15058.9 15058 15057 15055.8 15054.5 15053 15051.5 15049.9 15048.3 15046.6 15044.8 15043 15041.2 15039.4 15037.6 15035.8 15034 15032.3 15030.6 15029 15027.4 15026 15024.7 15023.5 15022.4 15021.5 15020.9 15020.5 15020.3 15020.4 15020.9 15021.7 15022.9 15024.6 15023.5 15026 15031.9 15041.5 15050.4 15056.8 15064.6 15071 15079.6 15090.7 15101.9 15117.5 15136 15162.2 15196.7 15241.2 15294.7 15319.6 15299.6 15202.9 14946.6 14475.6 13775 12969.9 12276.5 11929.5 12154.3 12739.3 12811.7 12508.4 12263.1 12135.1 12268.7 12367.2 12198.9 11859.3 11635.1 11219.1 10659.9 10582.3 11849.5 16081.6 19855.8 13765.7 11453 12599.4 12084.1 37870.2 20699.6 8800.71 6922.05 7039.94 8398.47 9710.26 8589.73 8029.38 9358.62 11568.2 14138.8 9228.63 6083.08 8427.09 9464.64 7850.71 8135.98 13463.1 13306.4 8483.19 5298.47 7796.49 10185.4 11157.7 10845.5 8966.04 6521.16 13802.9 10035.4 10550.6 8623.2 9457.29 18579.6 12881.3 9141.34 9037.11 9192.52 8704.51 10587.9 14163.3 29422.4 25808.4 28644 13420.8 10148.2 11607.2 19496 8881.89 13499.2 13719.1 8641.83 7608.67 8323.84 10019.2 12104.3 13377.5 13707.7  #recruits; first value is R0 (virgin)
22.8735  22.8736 22.8731 22.8726 22.8721 22.8717 22.8656 22.8542 22.8377 22.8166 22.7911 22.7617 22.7285 22.6921 22.6527 22.6106 22.5661 22.5194 22.4708 22.4204 22.3685 22.3152 22.2606 22.2048 22.1481 22.0905 22.0322 21.9731 21.9135 21.8532 21.7925 21.7314 21.6698 21.608 21.5458 21.4834 21.4208 21.358 21.295 21.232 21.1689 21.1057 21.0452 20.9145 20.848 20.8369 20.8858 20.9016 20.8479 20.7963 20.6913 20.5948 20.5089 20.3707 20.2491 20.0907 19.9702 19.8731 19.8125 19.8277 19.4745 19.2496 19.2369 19.0357 18.7919 18.3711 18.1186 17.985 17.4211 16.8084 16.5548 16.3315 15.4212 14.7432 13.018 11.9024 10.6812 10.1235 9.69448 9.41429 8.87077 8.48137 8.34525 7.8678 7.55932 7.46165 7.24308 6.8209 6.35795 5.97362 6.02727 6.26637 6.46059 6.63964 6.81089 7.1479 7.64403 8.1228 8.27828 7.9866 7.04538 5.96135 5.13938 4.54992 3.61564 2.79081 2.3866 2.26993 1.92074 1.74001 1.67344 1.58271 1.53781 1.39979 1.40585 1.45087 1.50412 1.36031 1.32433 1.41491 1.66021 1.85057 1.92776 1.91906 2.13572 2.3997 2.51125 2.6007 2.7494 2.95034 3.251 3.17331 2.97316 2.80712 2.63147 2.71258 3.53241 4.85399 6.54623 7.99366 9.10351 9.6845 9.91106 9.8334 9.61807 9.41228 9.35303 8.78698 #SSBio; first value is SSB_virgin (virgin)
1 0 0 0 0 0 0 0 0 0 0 0 0 0 0 0 0 0 0 0 0 0 0 0 0 0 0 0 0 0 0 0 0 0 0 0 0 0 0 0 0 0 0 0 0 0 0 0 0 0 0 0 0 0 0 0 0 0 0 0 0 0 0 0 0 0 0 0 0 0 0 0 0 0 0 0 0 0 0 0 0 0 0 0 0 0 0 0 0 0 0 0 0 0 0 0 0 0 0 0 0 0 0 0 0 0 0 0 0 0 0 0 0 0 0 0 0 0 0 0 0 0 0 0 0 0 0 0 0 0 0 0 0 0 0 0 0 0 0 0 0 0 0 0 0 0 0 0  # in Bzero
0 1 1 1 1 1 1 1 1 1 1 1 1 1 1 1 1 1 1 1 1 1 1 1 1 1 1 1 1 1 1 1 1 1 1 1 1 1 1 1 1 1 1 1 1 1 1 1 1 1 1 1 1 1 1 1 1 1 1 1 1 1 1 1 1 1 1 1 1 1 1 1 1 1 1 1 1 1 1 1 1 1 1 1 1 1 1 1 1 1 1 1 1 1 1 1 1 1 1 1 1 1 1 1 1 1 1 1 1 1 1 1 1 1 1 1 1 1 1 1 1 1 1 1 1 1 1 1 1 1 1 1 1 1 1 1 1 1 1 1 1 1 1 1 1  0 0 0 # in R project
0 1 1 1 1 1 1 1 1 1 1 1 1 1 1 1 1 1 1 1 1 1 1 1 1 1 1 1 1 1 1 1 1 1 1 1 1 1 1 1 1 1 1 1 1 1 1 1 1 1 1 1 1 1 1 1 1 1 1 1 1 1 1 1 1 1 1 1 1 1 1 1 1 1 1 1 1 1 1 1 1 1 1 1 1 1 1 1 1 1 1 1 1 1 1 1 1 1 1 1 1 1 1 1 1 1 1 1 1 1 1 1 1 1 1 1 1 1 1 1 1 1 1 1 1 1 1 1 1 1 1 1 1 1 1 1 1 1 1 1 1 1 1 1 1  0 0 0 # in R/S project
# Number of years with pre-specified catches
0
# catches for years with pre-specified catches go next
# Number of future recruitments to override
2
# Process for overiding (-1 for average otherwise index in data list)
2014 1 2014
2015 1 2015
# Which probability to product detailed results for (1=0.5; 2=0.6; etc.)
3
# Steepness sigma-R Auto-correlation
0.8 0.5 0
# Target SPR rate (FMSY Proxy); manually change to SPR_MSY if not using SPR_target
0.3
# Discount rate (for cumulative catch)
0.1
# Truncate the series when 0.4B0 is reached (1=Yes)
0
# Set F to FMSY once 0.4B0 is reached (1=Yes)
0
# Maximum possible F for projection (-1 to set to FMSY)
-1
# Defintion of recovery (1=now only;2=now or before)
2
# Projection type
4
# Definition of the 40-10 rule
10 40
# Sigma Assessment Error (Base, Year1, Slope, MaxSigma)
1.0 2023 0.075 2.0
# Pstar
0.45
# Constrain catches by the ABC (1=yes, 2=no)
2
# Implementation Error (0=no; 1=lognormal; 2=uniform)
0
#Parameters of Implementaion Error
1 0.3
# Calculate coefficients of variation (1=Yes)
0
# Number of replicates to use
10
# Random number seed
-99004
# File with multiple parameter vectors 
rebuild.SSO
# User-specific projection (1=Yes); Output replaced (1->9)
0  5
# Catches and Fs (Year; 1/2/3 (F or C or SPR); value); Final row is -1
2022 1 1
-1 -1 -1
# Fixed catch project (1=Yes); Output replaced (1->9); Approach (-1=Read in else 1-9)
0 2 -1
# (48a) Special catch options (1-Yes) [CUT_OFF, Emsy, distribution, MAXCAT, Add, replace_code]
0 0.18 1.00 1.00 0 6
# (48b) B1Target
150000
# Split of Fs
2015  0.44562
 0.55438
-1  1 1 1 1
# Yrs to define T_target for projection type 4 (a.k.a. 5 pre-specified inputs)
2028 2029 2030 2031 2032 
# Year for probability of recovery
2032 2033 2034 2035 2036 2037 2038 2039
# Time varying weight-at-age (1=Yes;0=No)
0
# File with time series of weight-at-age data
none
# Use bisection (0) or linear interpolation (1)
1
# Target Depletion
0.4
# CV of implementation error
0
