#Title, #runnumber: 6 petrale_data.ss petrale_control.ss 753.426 6.57302 6.86288 StartTime: Thu Oct 23 16:43:53 2025
SSv3_default_rebuild.dat
# Number of sexes
2
# Age range to consider (minimum age; maximum age)
0 40
# Number of fleets
2
# First year of projection (Yinit)
2015
# First Year of rebuilding period (Ydecl)
2013
# Number of simulations
1000
# Maximum number of years
500
# Conduct projections with multiple starting values (0=No;else yes)
0
# Number of parameter vectors
1000
# Is the maximum age a plus-group (1=Yes;2=No)
1
# Generate future recruitments using historical recruitments (1)  historical recruits/spawner (2)  or a stock-recruitment (3)
3
# Constant fishing mortality (1) or constant Catch (2) projections
1
# Fishing mortality based on SPR (1) or actual rate (2)
1
# Pre-specify the year of recovery (or -1) to ignore
-1
# Fecundity-at-age
# 0 1 2 3 4 5 6 7 8 9 10 11 12 13 14 15 16 17 18 19 20 21 22 23 24 25 26 27 28 29 30 31 32 33 34 35 36 37 38 39 40 #runnumber: 6 petrale_data.ss petrale_control.ss 753.426 6.57302 6.86288
 0 0 0 3.17158e-07 6.23502e-06 3.5488e-05 9.97317e-05 0.000190059 0.000290452 0.000388952 0.000479147 0.000558435 0.000626346 0.000683497 0.00073099 0.000770091 0.000802056 0.000828045 0.00084833 0.000864698 0.00087787 0.000888448 0.00089693 0.000903721 0.000909154 0.000913496 0.000916964 0.000919733 0.000921943 0.000923705 0.000925111 0.000926232 0.000927126 0.000927838 0.000928406 0.000928859 0.000929219 0.000929507 0.000929736 0.000929918 0.000930128 #female fecundity; weighted by N in year Y_init across morphs and areas
# Age specific selectivity and weight adjusted for discard and discard mortality
 #wt and selex for gender,fleet: 1 1 North
 0.0026394 0.0264256 0.128704 0.275916 0.448825 0.625395 0.791541 0.940153 1.06877 1.17762 1.26833 1.34308 1.4042 1.45388 1.49407 1.52647 1.55254 1.57179 1.58574 1.59692 1.60587 1.61303 1.61875 1.62331 1.62696 1.62987 1.63218 1.63403 1.63551 1.63669 1.63762 1.63837 1.63897 1.63944 1.63982 1.64012 1.64036 1.64055 1.6407 1.64082 1.64096
 0 3.54954e-08 2.76593e-06 6.04523e-05 0.000488918 0.00206989 0.00571313 0.0118222 0.0200745 0.0296841 0.0397773 0.0496356 0.0587782 0.0669453 0.0740437 0.0800889 0.0851596 0.089214 0.09241 0.095019 0.0971378 0.0988517 0.100234 0.101345 0.102238 0.102953 0.103525 0.103983 0.104349 0.104641 0.104875 0.105061 0.105209 0.105328 0.105422 0.105497 0.105557 0.105605 0.105643 0.105674 0.105709
 #wt and selex for gender,fleet: 1 2 South
 0.00301406 0.0525179 0.17983 0.336373 0.49823 0.648082 0.778944 0.889782 0.982249 1.0588 1.12188 1.17364 1.21596 1.25043 1.27841 1.30105 1.31932 1.33311 1.34338 1.35163 1.35825 1.36355 1.3678 1.37119 1.3739 1.37606 1.37779 1.37917 1.38027 1.38115 1.38185 1.3824 1.38285 1.3832 1.38349 1.38371 1.38389 1.38403 1.38415 1.38424 1.38434
 0 2.48023e-08 8.50505e-06 0.000336392 0.00337145 0.0148018 0.0391516 0.0753422 0.118212 0.162229 0.20352 0.240101 0.271346 0.297417 0.318841 0.336274 0.350367 0.361566 0.370447 0.377579 0.383295 0.38787 0.391527 0.39445 0.396783 0.398645 0.40013 0.401315 0.402259 0.403013 0.403613 0.404091 0.404473 0.404777 0.405019 0.405212 0.405366 0.405488 0.405586 0.405664 0.405753
 #wt and selex for gender,fleet: 2 1 North
 0.000313006 0.0078747 0.0777061 0.195447 0.329339 0.454842 0.561506 0.647461 0.714651 0.76624 0.805428 0.834993 0.857195 0.87381 0.886213 0.895453 0.902327 0.907241 0.910726 0.913314 0.915234 0.916658 0.917713 0.918496 0.919075 0.919504 0.919822 0.920057 0.920232 0.920361 0.920456 0.920527 0.92058 0.920618 0.920647 0.920668 0.920684 0.920696 0.920705 0.920711 0.920717
 0 2.21409e-09 6.308e-08 5.0263e-05 0.00210947 0.0175174 0.0602131 0.126593 0.200791 0.269672 0.327336 0.37294 0.407905 0.434268 0.453967 0.468619 0.47949 0.487524 0.493463 0.497866 0.501128 0.503545 0.505336 0.506661 0.507643 0.50837 0.508909 0.509307 0.509602 0.509821 0.509983 0.510102 0.510191 0.510257 0.510305 0.510341 0.510368 0.510388 0.510402 0.510413 0.510424
 #wt and selex for gender,fleet: 2 2 South
 0.000313006 0.00787464 0.0868378 0.202273 0.318901 0.418114 0.498486 0.564935 0.620496 0.666204 0.702893 0.731712 0.753979 0.770982 0.783854 0.79354 0.800797 0.806147 0.810074 0.812997 0.81517 0.816783 0.817979 0.818867 0.819525 0.820012 0.820373 0.820641 0.820839 0.820986 0.821094 0.821175 0.821234 0.821278 0.821311 0.821335 0.821353 0.821366 0.821376 0.821384 0.821391
 0 2.56512e-09 3.34409e-07 0.000733676 0.0290923 0.168689 0.391086 0.587307 0.719529 0.800512 0.849473 0.879691 0.898922 0.911542 0.920049 0.92591 0.930019 0.933069 0.935369 0.937033 0.938244 0.939129 0.939778 0.940255 0.940607 0.940866 0.941057 0.941198 0.941303 0.94138 0.941437 0.94148 0.941511 0.941534 0.941551 0.941564 0.941573 0.94158 0.941586 0.941589 0.941593
# Sex ratio correction
1
# M and current age-structure in year Yinit: 2015
 # gender = 1
 0.443544 0.443544 0.443544 0.443544 0.443544 0.443544 0.443544 0.443544 0.443544 0.443544 0.443544 0.443544 0.443544 0.443544 0.443544 0.443544 0.443544 0.443544 0.443544 0.443544 0.443544 0.443544 0.443544 0.443544 0.443544 0.443544 0.443544 0.443544 0.443544 0.443544 0.443544 0.443544 0.443544 0.443544 0.443544 0.443544 0.443544 0.443544 0.443544 0.443544 0.443544
 354063 7059.86 4228.2 88809.8 17821.3 13413.1 21124.5 6519.59 1959.53 2231.54 728.18 243.603 102.656 88.9628 43.2694 21.0349 11.6296 2.80925 0.73548 0.291989 0.108271 0.0458586 0.0148054 0.00343332 0.00225265 0.000696688 0.000330812 0.000108629 2.75227e-05 9.47273e-06 7.48551e-06 2.70802e-06 1.02935e-06 3.06716e-07 1.31387e-07 6.21239e-08 1.88938e-08 8.07846e-09 7.95439e-09 3.49967e-09 1.82207e-09
 # gender = 2
 0.6 0.6 0.6 0.6 0.6 0.6 0.6 0.6 0.6 0.6 0.6 0.6 0.6 0.6 0.6 0.6 0.6 0.6 0.6 0.6 0.6 0.6 0.6 0.6 0.6 0.6 0.6 0.6 0.6 0.6 0.6 0.6 0.6 0.6 0.6 0.6 0.6 0.6 0.6 0.6 0.6
 354063 6037.38 3092.15 55544 9530.13 6042.28 7466.62 1584.15 282.662 168.26 25.3908 3.34509 0.458761 0.110372 0.0133204 0.00147095 0.000171976 8.02832e-06 3.74875e-07 2.67572e-08 1.99144e-09 2.00846e-10 1.804e-11 1.29547e-12 2.89513e-13 3.36218e-14 6.46087e-15 8.91683e-16 9.69282e-17 1.44649e-17 4.9292e-18 7.5408e-19 1.18788e-19 1.4667e-20 2.68693e-21 5.78702e-22 8.60162e-23 1.90915e-23 1.0093e-23 2.34325e-24 4.14595e-25
# Age-structure at Ydeclare= 2013
 10266.3 215645 43301 32720.1 52235.2 16614.5 5246.47 6378.53 2242.96 810.593 367.951 341.346 176.33 90.2884 52.159 13.0697 3.52558 1.43334 0.54167 0.232985 0.0761591 0.0178387 0.0117987 0.00367265 0.00175294 0.000577998 0.000146929 5.07034e-05 4.01512e-05 1.45499e-05 5.538e-06 1.65193e-06 7.08235e-07 3.35105e-07 1.01971e-07 4.36188e-08 4.29637e-08 1.89078e-08 5.38406e-09 2.22857e-09 2.2349e-09
 10266.3 184413 31666.6 20463.7 27935.5 7528.1 1923.24 1715.26 379.592 69.3103 12.3447 3.63437 0.511062 0.0632805 0.00805663 0.000400667 1.96062e-05 1.44874e-06 1.10625e-07 1.1371e-08 1.03582e-09 7.51623e-11 1.69275e-11 1.97709e-12 3.81536e-13 5.28221e-14 5.75524e-15 8.60351e-16 2.93554e-16 4.49509e-17 7.08593e-18 8.75366e-19 1.60424e-19 3.45614e-20 5.13816e-21 1.1406e-21 6.03067e-22 1.40023e-22 1.98686e-23 3.85764e-24 1.05018e-24
# Year for Tmin Age-structure (set to Ydecl by SS)
2013
#  recruitment and biomass
# Number of historical assessment years
148
# Historical data
# year recruitment spawner in B0 in R project in R/S project
1875  1876 1877 1878 1879 1880 1881 1882 1883 1884 1885 1886 1887 1888 1889 1890 1891 1892 1893 1894 1895 1896 1897 1898 1899 1900 1901 1902 1903 1904 1905 1906 1907 1908 1909 1910 1911 1912 1913 1914 1915 1916 1917 1918 1919 1920 1921 1922 1923 1924 1925 1926 1927 1928 1929 1930 1931 1932 1933 1934 1935 1936 1937 1938 1939 1940 1941 1942 1943 1944 1945 1946 1947 1948 1949 1950 1951 1952 1953 1954 1955 1956 1957 1958 1959 1960 1961 1962 1963 1964 1965 1966 1967 1968 1969 1970 1971 1972 1973 1974 1975 1976 1977 1978 1979 1980 1981 1982 1983 1984 1985 1986 1987 1988 1989 1990 1991 1992 1993 1994 1995 1996 1997 1998 1999 2000 2001 2002 2003 2004 2005 2006 2007 2008 2009 2010 2011 2012 2013 2014 2015 2016 2017 2018 2019 2020 2021 2022 #years (with first value representing R0)
236661 236883 236882 236882 236882 236882 236878 236871 236861 236850 236836 236822 236806 236789 236772 236754 236736 236718 236699 236681 236662 236643 236624 236606 236587 236569 236552 236535 236519 236504 236490 236479 236469 236464 236462 236466 236476 236496 236527 236573 236640 236732 236860 236966 237198 237553 238048 238610 239247 240080 241110 242482 244298 246639 249823 254174 260374 269179 281643 299107 319954 333645 327822 322250 347083 402254 383295 288258 233495 222964 245517 266053 274105 269900 248646 231499 234188 251211 262471 274127 283677 262400 220448 198630 231100 349778 427535 263518 321288 280820 277633 1.7987e+06 474280 316625 204781 202006 280589 236701 167749 168792 180088 277060 272562 117768 114715 153704 129973 119620 156988 161036 173545 85612.4 96728.2 147623 172208 137002 164521 91551.8 141975 156229 130147 124225 112640 159765 256267 188747 166871 156223 87145 105961 171043 295895 152209 306248 616193 247597 210274 672044 20532.6 22001.6 708126 137464 324866 416065 233777 228976 233942 237297  #recruits; first value is R0 (virgin)
6.57302  6.57302 6.57281 6.57265 6.57253 6.57256 6.5707 6.56748 6.56316 6.5579 6.55185 6.54517 6.53801 6.53046 6.52264 6.51459 6.50638 6.49804 6.4896 6.48108 6.4725 6.46388 6.45518 6.44646 6.43773 6.42899 6.42023 6.41147 6.40269 6.39391 6.38512 6.37634 6.36755 6.35877 6.35 6.34124 6.3325 6.32379 6.31512 6.3065 6.29794 6.28947 6.28215 6.24744 6.24253 6.25907 6.29482 6.31007 6.29436 6.28172 6.25107 6.23058 6.21993 6.19316 6.18022 6.15868 6.16013 6.17694 6.21392 6.28568 6.21853 6.23693 6.37201 6.46528 6.59551 6.72868 6.98932 7.3019 7.43757 7.56582 7.88929 8.22061 8.13386 7.87895 7.00669 6.35 5.76147 5.61747 5.60512 5.64119 5.50903 5.39769 5.39178 5.28698 5.33236 5.51512 5.6249 5.54387 5.3343 5.13466 5.28699 5.72647 6.19198 6.55176 6.80083 7.56321 9.67191 12.2083 13.5929 13.3473 11.8764 10.0798 8.53806 7.29836 6.03178 5.04989 4.6034 4.52571 4.30888 4.01085 3.68852 3.3215 3.01989 2.72161 2.58511 2.53321 2.49721 2.32853 2.26266 2.33037 2.49342 2.59238 2.57931 2.48806 2.51502 2.55005 2.48115 2.40288 2.40541 2.56321 2.88495 3.03088 3.02442 2.8785 2.62129 2.55495 2.94326 3.47819 4.22001 5.14784 6.06885 6.70968 7.19078 7.19651 6.81381 6.60749 6.71543 6.76763 #SSBio; first value is SSB_virgin (virgin)
1 0 0 0 0 0 0 0 0 0 0 0 0 0 0 0 0 0 0 0 0 0 0 0 0 0 0 0 0 0 0 0 0 0 0 0 0 0 0 0 0 0 0 0 0 0 0 0 0 0 0 0 0 0 0 0 0 0 0 0 0 0 0 0 0 0 0 0 0 0 0 0 0 0 0 0 0 0 0 0 0 0 0 0 0 0 0 0 0 0 0 0 0 0 0 0 0 0 0 0 0 0 0 0 0 0 0 0 0 0 0 0 0 0 0 0 0 0 0 0 0 0 0 0 0 0 0 0 0 0 0 0 0 0 0 0 0 0 0 0 0 0 0 0 0 0 0 0  # in Bzero
0 1 1 1 1 1 1 1 1 1 1 1 1 1 1 1 1 1 1 1 1 1 1 1 1 1 1 1 1 1 1 1 1 1 1 1 1 1 1 1 1 1 1 1 1 1 1 1 1 1 1 1 1 1 1 1 1 1 1 1 1 1 1 1 1 1 1 1 1 1 1 1 1 1 1 1 1 1 1 1 1 1 1 1 1 1 1 1 1 1 1 1 1 1 1 1 1 1 1 1 1 1 1 1 1 1 1 1 1 1 1 1 1 1 1 1 1 1 1 1 1 1 1 1 1 1 1 1 1 1 1 1 1 1 1 1 1 1 1 1 1 1 1 1 1  0 0 0 # in R project
0 1 1 1 1 1 1 1 1 1 1 1 1 1 1 1 1 1 1 1 1 1 1 1 1 1 1 1 1 1 1 1 1 1 1 1 1 1 1 1 1 1 1 1 1 1 1 1 1 1 1 1 1 1 1 1 1 1 1 1 1 1 1 1 1 1 1 1 1 1 1 1 1 1 1 1 1 1 1 1 1 1 1 1 1 1 1 1 1 1 1 1 1 1 1 1 1 1 1 1 1 1 1 1 1 1 1 1 1 1 1 1 1 1 1 1 1 1 1 1 1 1 1 1 1 1 1 1 1 1 1 1 1 1 1 1 1 1 1 1 1 1 1 1 1  0 0 0 # in R/S project
# Number of years with pre-specified catches
0
# catches for years with pre-specified catches go next
# Number of future recruitments to override
2
# Process for overiding (-1 for average otherwise index in data list)
2014 1 2014
2015 1 2015
# Which probability to product detailed results for (1=0.5; 2=0.6; etc.)
3
# Steepness sigma-R Auto-correlation
0.8 0.5 0
# Target SPR rate (FMSY Proxy); manually change to SPR_MSY if not using SPR_target
0.3
# Discount rate (for cumulative catch)
0.1
# Truncate the series when 0.4B0 is reached (1=Yes)
0
# Set F to FMSY once 0.4B0 is reached (1=Yes)
0
# Maximum possible F for projection (-1 to set to FMSY)
-1
# Defintion of recovery (1=now only;2=now or before)
2
# Projection type
4
# Definition of the 40-10 rule
10 40
# Sigma Assessment Error (Base, Year1, Slope, MaxSigma)
1.0 2023 0.075 2.0
# Pstar
0.45
# Constrain catches by the ABC (1=yes, 2=no)
2
# Implementation Error (0=no; 1=lognormal; 2=uniform)
0
#Parameters of Implementaion Error
1 0.3
# Calculate coefficients of variation (1=Yes)
0
# Number of replicates to use
10
# Random number seed
-99004
# File with multiple parameter vectors 
rebuild.SSO
# User-specific projection (1=Yes); Output replaced (1->9)
0  5
# Catches and Fs (Year; 1/2/3 (F or C or SPR); value); Final row is -1
2022 1 1
-1 -1 -1
# Fixed catch project (1=Yes); Output replaced (1->9); Approach (-1=Read in else 1-9)
0 2 -1
# (48a) Special catch options (1-Yes) [CUT_OFF, Emsy, distribution, MAXCAT, Add, replace_code]
0 0.18 1.00 1.00 0 6
# (48b) B1Target
150000
# Split of Fs
2015  0.44562
 0.55438
-1  1 1 1 1
# Yrs to define T_target for projection type 4 (a.k.a. 5 pre-specified inputs)
2028 2029 2030 2031 2032 
# Year for probability of recovery
2032 2033 2034 2035 2036 2037 2038 2039
# Time varying weight-at-age (1=Yes;0=No)
0
# File with time series of weight-at-age data
none
# Use bisection (0) or linear interpolation (1)
1
# Target Depletion
0.4
# CV of implementation error
0
