#Title, #runnumber: 3 petrale_data.ss petrale_control.ss 760.014 20.9803 7.10326 StartTime: Mon Oct 27 20:21:32 2025
SSv3_default_rebuild.dat
# Number of sexes
2
# Age range to consider (minimum age; maximum age)
0 40
# Number of fleets
2
# First year of projection (Yinit)
2015
# First Year of rebuilding period (Ydecl)
2013
# Number of simulations
1000
# Maximum number of years
500
# Conduct projections with multiple starting values (0=No;else yes)
0
# Number of parameter vectors
1000
# Is the maximum age a plus-group (1=Yes;2=No)
1
# Generate future recruitments using historical recruitments (1)  historical recruits/spawner (2)  or a stock-recruitment (3)
3
# Constant fishing mortality (1) or constant Catch (2) projections
1
# Fishing mortality based on SPR (1) or actual rate (2)
1
# Pre-specify the year of recovery (or -1) to ignore
-1
# Fecundity-at-age
# 0 1 2 3 4 5 6 7 8 9 10 11 12 13 14 15 16 17 18 19 20 21 22 23 24 25 26 27 28 29 30 31 32 33 34 35 36 37 38 39 40 #runnumber: 3 petrale_data.ss petrale_control.ss 760.014 20.9803 7.10326
 0 0 0 2.24757e-07 6.79263e-06 5.44186e-05 0.000173138 0.000336536 0.000508612 0.000671549 0.000819421 0.000950856 0.00106608 0.00116598 0.00125179 0.00132489 0.00138676 0.00143882 0.00148118 0.00151648 0.00154581 0.00157013 0.00159023 0.00160684 0.00162052 0.00163179 0.00164107 0.00164869 0.00165496 0.0016601 0.00166432 0.00166778 0.00167062 0.00167295 0.00167486 0.00167643 0.00167771 0.00167876 0.00167963 0.00168033 0.00168121 #female fecundity; weighted by N in year Y_init across morphs and areas
# Age specific selectivity and weight adjusted for discard and discard mortality
 #wt and selex for gender,fleet: 1 1 North
 0.00122906 0.0175658 0.0817032 0.192709 0.338298 0.501109 0.666571 0.824725 0.969804 1.09915 1.21215 1.30943 1.39229 1.46229 1.52107 1.5702 1.61111 1.64367 1.66941 1.69072 1.70833 1.72286 1.73483 1.74468 1.75279 1.75945 1.76492 1.76941 1.7731 1.77612 1.7786 1.78063 1.7823 1.78367 1.78479 1.78571 1.78646 1.78707 1.78758 1.78799 1.78851
 0 2.68212e-05 0.000457885 0.00356615 0.0148092 0.0400427 0.0807907 0.133342 0.191519 0.249611 0.303724 0.351838 0.393317 0.428357 0.45757 0.481723 0.501589 0.517842 0.53115 0.542069 0.55102 0.558352 0.564357 0.569274 0.5733 0.576596 0.579295 0.581505 0.583314 0.584796 0.58601 0.587003 0.587817 0.588484 0.58903 0.589477 0.589844 0.590144 0.59039 0.590591 0.59084
 #wt and selex for gender,fleet: 1 2 South
 0.00122906 0.018814 0.0875967 0.20242 0.348084 0.505767 0.661319 0.806197 0.936389 1.05093 1.15048 1.23629 1.3098 1.3724 1.42542 1.47009 1.50757 1.53794 1.56242 1.58278 1.59967 1.61364 1.62519 1.63472 1.64257 1.64903 1.65434 1.65871 1.66229 1.66523 1.66765 1.66963 1.67126 1.67259 1.67368 1.67458 1.67531 1.67591 1.6764 1.67681 1.67731
 0 2.13645e-05 0.000673572 0.00720365 0.0341732 0.0953023 0.188077 0.296206 0.402373 0.495854 0.572877 0.633985 0.681553 0.718308 0.746695 0.768693 0.785829 0.799591 0.810774 0.819673 0.826784 0.832487 0.837076 0.84078 0.843776 0.846206 0.848178 0.849783 0.85109 0.852155 0.853024 0.853734 0.854314 0.854787 0.855175 0.855492 0.855751 0.855963 0.856137 0.856279 0.856455
 #wt and selex for gender,fleet: 2 1 North
 0.00154313 0.0300261 0.105296 0.201189 0.300221 0.390963 0.468994 0.534018 0.587574 0.631505 0.667393 0.696541 0.720053 0.738893 0.753897 0.765784 0.775163 0.782377 0.787897 0.79222 0.795599 0.798236 0.800292 0.801893 0.80314 0.804109 0.804863 0.805449 0.805904 0.806258 0.806533 0.806746 0.806912 0.807041 0.807141 0.807219 0.807279 0.807326 0.807362 0.80739 0.807421
 0 7.82218e-09 1.32184e-05 0.00127352 0.01728 0.0781393 0.189579 0.321846 0.444329 0.543475 0.618519 0.673701 0.713936 0.743327 0.764933 0.780944 0.792901 0.80207 0.809173 0.814586 0.818727 0.821904 0.824348 0.826232 0.827687 0.828811 0.82968 0.830354 0.830876 0.83128 0.831594 0.831837 0.832026 0.832172 0.832286 0.832374 0.832442 0.832495 0.832537 0.832569 0.832603
 #wt and selex for gender,fleet: 2 2 South
 0.00154313 0.0278927 0.124715 0.212669 0.292065 0.359861 0.420504 0.476787 0.528282 0.573773 0.612637 0.644992 0.671432 0.69275 0.709776 0.723279 0.733933 0.742227 0.748658 0.753691 0.757622 0.760688 0.763077 0.764937 0.766384 0.76751 0.768384 0.769064 0.769593 0.770003 0.770322 0.77057 0.770762 0.770911 0.771027 0.771118 0.771187 0.771242 0.771284 0.771317 0.771352
 0 4.36898e-09 1.95033e-05 0.00532215 0.08108 0.297369 0.546455 0.726598 0.833333 0.893008 0.926666 0.946344 0.95836 0.966018 0.971085 0.974547 0.976977 0.97882 0.980249 0.981301 0.982085 0.982674 0.983121 0.98346 0.98372 0.983919 0.984073 0.984191 0.984282 0.984352 0.984407 0.984449 0.984482 0.984507 0.984527 0.984542 0.984554 0.984563 0.984571 0.984576 0.984582
# Sex ratio correction
1
# M and current age-structure in year Yinit: 2015
 # gender = 1
 0.151079 0.151079 0.151079 0.151079 0.151079 0.151079 0.151079 0.151079 0.151079 0.151079 0.151079 0.151079 0.151079 0.151079 0.151079 0.151079 0.151079 0.151079 0.151079 0.151079 0.151079 0.151079 0.151079 0.151079 0.151079 0.151079 0.151079 0.151079 0.151079 0.151079 0.151079 0.151079 0.151079 0.151079 0.151079 0.151079 0.151079 0.151079 0.151079 0.151079 0.151079
 7083.48 6159.72 3610.45 6833.57 3033.84 2557.45 2479.97 4886.22 3813.22 3022.52 1200.78 650.658 349.358 211.627 124.577 71.2643 48.4708 37.6254 9.50709 3.83588 2.23454 0.99228 0.607233 0.12818 0.0785797 0.0406335 0.0174223 0.00652644 0.00186992 0.000473545 0.000272205 0.000142362 4.38763e-05 8.16666e-06 2.27769e-06 7.7655e-07 1.97608e-07 4.185e-08 1.83813e-08 8.67742e-09 3.27139e-09
 # gender = 2
 0.164425 0.164425 0.164425 0.164425 0.164425 0.164425 0.164425 0.164425 0.164425 0.164425 0.164425 0.164425 0.164425 0.164425 0.164425 0.164425 0.164425 0.164425 0.164425 0.164425 0.164425 0.164425 0.164425 0.164425 0.164425 0.164425 0.164425 0.164425 0.164425 0.164425 0.164425 0.164425 0.164425 0.164425 0.164425 0.164425 0.164425 0.164425 0.164425 0.164425 0.164425
 7083.48 6078.06 3515.49 6568.6 2881.47 2382.65 2212.12 4055.77 2892.51 2073.78 726.901 326.973 135.062 59.8934 25.3957 10.5391 5.31083 3.07717 0.57794 0.174339 0.0777804 0.0273723 0.0133914 0.00221248 0.00105467 0.000431059 0.000147154 4.34407e-05 9.67768e-06 1.85696e-06 7.72691e-07 2.76318e-07 5.51637e-08 6.46862e-09 1.16442e-09 2.75e-10 5.23961e-11 8.94442e-12 3.37938e-12 1.42628e-12 4.75081e-13
# Age-structure at Ydeclare= 2013
 4884.31 9249.05 4118.53 3508.08 3481.51 7120.3 5827.98 4865.35 2033.24 1153.6 644.633 403.858 244.454 143.071 99.1376 78.127 19.9849 8.14462 4.78349 2.13837 1.31572 0.278964 0.171636 0.0890149 0.0382588 0.0143601 0.00412098 0.00104499 0.000601331 0.00031477 9.70829e-05 1.80806e-05 5.04515e-06 1.72076e-06 4.38023e-07 9.27902e-08 4.0764e-08 1.92472e-08 5.13357e-09 1.38846e-09 7.3561e-10
 4884.31 9126.43 4010.16 3371.62 3305.47 6651.98 5275.87 4162.12 1573.27 748.176 321.603 146.71 63.4764 26.7287 13.6127 7.94929 1.50179 0.455072 0.203733 0.0718867 0.0352401 0.00583127 0.00278301 0.0011385 0.000388935 0.000114878 2.56032e-05 4.91437e-06 2.04541e-06 7.31594e-07 1.46076e-07 1.71313e-08 3.0841e-09 7.28419e-10 1.38794e-10 2.36942e-11 8.95246e-12 3.77852e-12 9.19172e-13 2.30087e-13 1.09363e-13
# Year for Tmin Age-structure (set to Ydecl by SS)
2013
#  recruitment and biomass
# Number of historical assessment years
148
# Historical data
# year recruitment spawner in B0 in R project in R/S project
1875  1876 1877 1878 1879 1880 1881 1882 1883 1884 1885 1886 1887 1888 1889 1890 1891 1892 1893 1894 1895 1896 1897 1898 1899 1900 1901 1902 1903 1904 1905 1906 1907 1908 1909 1910 1911 1912 1913 1914 1915 1916 1917 1918 1919 1920 1921 1922 1923 1924 1925 1926 1927 1928 1929 1930 1931 1932 1933 1934 1935 1936 1937 1938 1939 1940 1941 1942 1943 1944 1945 1946 1947 1948 1949 1950 1951 1952 1953 1954 1955 1956 1957 1958 1959 1960 1961 1962 1963 1964 1965 1966 1967 1968 1969 1970 1971 1972 1973 1974 1975 1976 1977 1978 1979 1980 1981 1982 1983 1984 1985 1986 1987 1988 1989 1990 1991 1992 1993 1994 1995 1996 1997 1998 1999 2000 2001 2002 2003 2004 2005 2006 2007 2008 2009 2010 2011 2012 2013 2014 2015 2016 2017 2018 2019 2020 2021 2022 #years (with first value representing R0)
16734.6 16740.6 16740.7 16740.8 16740.9 16741.1 16741 16740.7 16740.2 16739.5 16738.6 16737.5 16736.4 16735.1 16733.8 16732.4 16730.9 16729.4 16728 16726.5 16725.1 16723.7 16722.4 16721.2 16720.2 16719.3 16718.6 16718.1 16717.9 16717.9 16718.3 16719.1 16720.3 16722 16724.2 16727.1 16730.8 16735.2 16740.6 16747 16754.5 16763.2 16773.4 16781.1 16794.3 16812.6 16836.7 16861.4 16885 16911.9 16939.4 16971.7 17009.7 17050.6 17100.3 17157.4 17228.9 17316.3 17421.9 17545.3 17639.3 17679.8 17616.9 17333.5 16754 15871.1 14865.5 14020.2 13622.2 13930.7 14676.9 14794.5 14413.1 14093.2 13923.7 14083.4 14231.8 14091.9 13734.2 13468.8 12936.3 12219.3 12067.5 13453 18117.6 22176.4 15557.2 13030.6 14188 13843.7 44172.5 22101.6 9836.42 7746.98 7858.59 9318.78 10691.3 9479.23 8821.8 10243.6 12755.5 15323.8 9953.23 6695.98 9107.11 10196.8 8539.17 8882.77 14339.3 14617.6 9286.66 5685.7 8328.17 11288.2 12168.7 11833.8 9792.33 6995.74 14843.9 11075.9 11549.3 9289.51 10951 21062.6 13576.6 10370.4 9877.36 9695.15 9902.06 12259.1 16070.8 30317.4 29810 30642 12775.7 11043.4 11143.2 21514.9 9768.63 14328.6 14167 10991.3 9516.26 10294.2 13504.9 13554.9 14682 15172.6  #recruits; first value is R0 (virgin)
20.9803  20.9805 20.98 20.9796 20.9791 20.9788 20.9729 20.9619 20.9461 20.9258 20.9014 20.8733 20.8419 20.8074 20.7702 20.7306 20.6888 20.6451 20.5998 20.5529 20.5047 20.4553 20.4048 20.3535 20.3013 20.2485 20.195 20.141 20.0866 20.0318 19.9766 19.9212 19.8656 19.8097 19.7538 19.6978 19.6418 19.5858 19.5298 19.4739 19.4183 19.3628 19.3102 19.1897 19.1323 19.1292 19.1845 19.2076 19.1632 19.1211 19.0277 18.9435 18.8707 18.7484 18.6436 18.5048 18.4047 18.329 18.2905 18.3273 18.0081 17.8168 17.8346 17.6723 17.4731 17.1059 16.9068 16.8273 16.3297 15.7889 15.5981 15.4288 14.581 13.9516 12.2984 11.2441 10.0923 9.59273 9.22275 8.99813 8.51554 8.1799 8.08849 7.66524 7.40634 7.34994 7.16993 6.78585 6.35656 6.00382 6.08041 6.33644 6.54242 6.72614 6.90295 7.2662 7.80411 8.30565 8.4538 8.12732 7.14547 6.02535 5.17348 4.55862 3.61181 2.78655 2.38434 2.26575 1.91603 1.73102 1.65911 1.56326 1.51409 1.37578 1.381 1.42672 1.47858 1.3341 1.29682 1.3907 1.63898 1.83152 1.90846 1.89653 2.10397 2.35897 2.46481 2.55548 2.72077 2.94118 3.24894 3.17395 2.96956 2.79585 2.62585 2.72642 3.54526 4.84144 6.48718 7.84787 8.82416 9.24441 9.30729 9.09001 8.77118 8.48638 8.37757 7.82532 #spbio; first value is SSB_virgin (virgin)
1 0 0 0 0 0 0 0 0 0 0 0 0 0 0 0 0 0 0 0 0 0 0 0 0 0 0 0 0 0 0 0 0 0 0 0 0 0 0 0 0 0 0 0 0 0 0 0 0 0 0 0 0 0 0 0 0 0 0 0 0 0 0 0 0 0 0 0 0 0 0 0 0 0 0 0 0 0 0 0 0 0 0 0 0 0 0 0 0 0 0 0 0 0 0 0 0 0 0 0 0 0 0 0 0 0 0 0 0 0 0 0 0 0 0 0 0 0 0 0 0 0 0 0 0 0 0 0 0 0 0 0 0 0 0 0 0 0 0 0 0 0 0 0 0 0 0 0  # in Bzero
0 1 1 1 1 1 1 1 1 1 1 1 1 1 1 1 1 1 1 1 1 1 1 1 1 1 1 1 1 1 1 1 1 1 1 1 1 1 1 1 1 1 1 1 1 1 1 1 1 1 1 1 1 1 1 1 1 1 1 1 1 1 1 1 1 1 1 1 1 1 1 1 1 1 1 1 1 1 1 1 1 1 1 1 1 1 1 1 1 1 1 1 1 1 1 1 1 1 1 1 1 1 1 1 1 1 1 1 1 1 1 1 1 1 1 1 1 1 1 1 1 1 1 1 1 1 1 1 1 1 1 1 1 1 1 1 1 1 1 1 1 1 1 1 1  0 0 0 # in R project
0 1 1 1 1 1 1 1 1 1 1 1 1 1 1 1 1 1 1 1 1 1 1 1 1 1 1 1 1 1 1 1 1 1 1 1 1 1 1 1 1 1 1 1 1 1 1 1 1 1 1 1 1 1 1 1 1 1 1 1 1 1 1 1 1 1 1 1 1 1 1 1 1 1 1 1 1 1 1 1 1 1 1 1 1 1 1 1 1 1 1 1 1 1 1 1 1 1 1 1 1 1 1 1 1 1 1 1 1 1 1 1 1 1 1 1 1 1 1 1 1 1 1 1 1 1 1 1 1 1 1 1 1 1 1 1 1 1 1 1 1 1 1 1 1  0 0 0 # in R/S project
# Number of years with pre-specified catches
0
# catches for years with pre-specified catches go next
# Number of future recruitments to override
2
# Process for overiding (-1 for average otherwise index in data list)
2014 1 2014
2015 1 2015
# Which probability to product detailed results for (1=0.5; 2=0.6; etc.)
3
# Steepness sigma-R Auto-correlation
0.8 0.5 0
# Target SPR rate (FMSY Proxy); manually change to SPR_MSY if not using SPR_target
0.3
# Discount rate (for cumulative catch)
0.1
# Truncate the series when 0.4B0 is reached (1=Yes)
0
# Set F to FMSY once 0.4B0 is reached (1=Yes)
0
# Maximum possible F for projection (-1 to set to FMSY)
-1
# Defintion of recovery (1=now only;2=now or before)
2
# Projection type
4
# Definition of the 40-10 rule
10 40
# Sigma Assessment Error (Base, Year1, Slope, MaxSigma)
1.0 2023 0.075 2.0
# Pstar
0.45
# Constrain catches by the ABC (1=yes, 2=no)
2
# Implementation Error (0=no; 1=lognormal; 2=uniform)
0
#Parameters of Implementaion Error
1 0.3
# Calculate coefficients of variation (1=Yes)
0
# Number of replicates to use
10
# Random number seed
-99004
# File with multiple parameter vectors 
rebuild.SSO
# User-specific projection (1=Yes); Output replaced (1->9)
0  5
# Catches and Fs (Year; 1/2/3 (F or C or SPR); value); Final row is -1
2022 1 1
-1 -1 -1
# Fixed catch project (1=Yes); Output replaced (1->9); Approach (-1=Read in else 1-9)
0 2 -1
# (48a) Special catch options (1-Yes) [CUT_OFF, Emsy, distribution, MAXCAT, Add, replace_code]
0 0.18 1.00 1.00 0 6
# (48b) B1Target
150000
# Split of Fs
2015  0.44562
 0.55438
-1  1 1 1 1
# Yrs to define T_target for projection type 4 (a.k.a. 5 pre-specified inputs)
2028 2029 2030 2031 2032 
# Year for probability of recovery
2032 2033 2034 2035 2036 2037 2038 2039
# Time varying weight-at-age (1=Yes;0=No)
0
# File with time series of weight-at-age data
none
# Use bisection (0) or linear interpolation (1)
1
# Target Depletion
0.4
# CV of implementation error
0
