#Title, #runnumber: 6 petrale_data.ss petrale_control.ss 635.671 1.57554 1.16332 StartTime: Thu Oct 23 17:08:33 2025
SSv3_default_rebuild.dat
# Number of sexes
2
# Age range to consider (minimum age; maximum age)
0 40
# Number of fleets
2
# First year of projection (Yinit)
2015
# First Year of rebuilding period (Ydecl)
2013
# Number of simulations
1000
# Maximum number of years
500
# Conduct projections with multiple starting values (0=No;else yes)
0
# Number of parameter vectors
1000
# Is the maximum age a plus-group (1=Yes;2=No)
1
# Generate future recruitments using historical recruitments (1)  historical recruits/spawner (2)  or a stock-recruitment (3)
3
# Constant fishing mortality (1) or constant Catch (2) projections
1
# Fishing mortality based on SPR (1) or actual rate (2)
1
# Pre-specify the year of recovery (or -1) to ignore
-1
# Fecundity-at-age
# 0 1 2 3 4 5 6 7 8 9 10 11 12 13 14 15 16 17 18 19 20 21 22 23 24 25 26 27 28 29 30 31 32 33 34 35 36 37 38 39 40 #runnumber: 6 petrale_data.ss petrale_control.ss 635.671 1.57554 1.16332
 0 0 0 5.96142e-07 2.92197e-06 9.36274e-06 2.23574e-05 4.3443e-05 7.28642e-05 0.000109793 0.000152779 0.000200152 0.000250289 0.000301754 0.000353353 0.000404136 0.000453382 0.000500567 0.000540521 0.000578065 0.000613109 0.000645631 0.000675664 0.00070328 0.00072858 0.000751683 0.000772721 0.000791831 0.000809153 0.000824824 0.000838978 0.000851743 0.000863241 0.000873585 0.000882882 0.00089123 0.00089872 0.000905436 0.000911453 0.000916843 0.000926149 #female fecundity; weighted by N in year Y_init across morphs and areas
# Age specific selectivity and weight adjusted for discard and discard mortality
 #wt and selex for gender,fleet: 1 1 North
 0.229277 0.310341 0.431465 0.549601 0.660506 0.762476 0.8554 0.939945 1.01702 1.08752 1.15219 1.21163 1.26634 1.31668 1.36298 1.4055 1.44451 1.47551 1.49941 1.52129 1.54126 1.55945 1.57599 1.59099 1.60458 1.61686 1.62796 1.63796 1.64697 1.65508 1.66237 1.66892 1.67479 1.68006 1.68478 1.68901 1.6928 1.69619 1.69922 1.70193 1.7066
 0 1.47409e-06 2.74761e-05 0.000232509 0.00113099 0.00371176 0.00917445 0.0184377 0.0317975 0.0489044 0.068965 0.0909989 0.114043 0.137269 0.160034 0.181876 0.202493 0.220903 0.237239 0.252353 0.266249 0.27896 0.29054 0.301052 0.310569 0.319163 0.326911 0.333882 0.340147 0.345771 0.350815 0.355334 0.359381 0.363003 0.366242 0.369139 0.371727 0.37404 0.376106 0.377951 0.381126
 #wt and selex for gender,fleet: 1 2 South
 0.295076 0.369636 0.473941 0.568711 0.653734 0.730253 0.799854 0.863927 0.923499 0.97926 1.03164 1.08089 1.12716 1.17052 1.21105 1.24881 1.28385 1.31219 1.33447 1.35499 1.37384 1.39109 1.40686 1.42121 1.43427 1.44611 1.45683 1.46652 1.47527 1.48316 1.49026 1.49665 1.50239 1.50755 1.51217 1.51632 1.52004 1.52336 1.52634 1.52901 1.5336
 0 2.32455e-06 4.3589e-05 0.000361952 0.00170983 0.00543339 0.0130136 0.0254051 0.0426914 0.0641795 0.0887286 0.115083 0.142102 0.168866 0.194703 0.219168 0.241996 0.262314 0.280341 0.296908 0.312051 0.325829 0.338321 0.349613 0.359796 0.368961 0.377197 0.384589 0.391215 0.39715 0.402462 0.407214 0.411462 0.415259 0.41865 0.421679 0.424384 0.426798 0.428953 0.430877 0.434183
 #wt and selex for gender,fleet: 2 1 North
 0.000435735 0.00407709 0.0223758 0.123111 0.23922 0.386991 0.55568 0.750101 1.01818 1.38225 1.82494 2.33774 2.9186 3.5656 4.27426 5.02369 5.74798 6.35544 6.78704 7.0328 7.14468 7.18563 7.19785 7.20087 7.2015 7.20162 7.20164 7.20164 7.20164 7.20164 7.20164 7.20164 7.20164 7.20164 7.20164 7.20164 7.20164 7.20164 7.20164 7.20164 7.20164
 0 1.59628e-09 4.12956e-09 1.00641e-07 0.000201536 0.0228865 0.286887 0.776283 0.973427 0.998425 0.999936 0.999997 0.999999 0.999999 0.999999 0.999998 0.999998 0.999998 0.999997 0.999997 0.999997 0.999997 0.999997 0.999997 0.999997 0.999997 0.999997 0.999997 0.999997 0.999997 0.999997 0.999997 0.999997 0.999997 0.999997 0.999997 0.999997 0.999997 0.999997 0.999997 0.999997
 #wt and selex for gender,fleet: 2 2 South
 0.000435735 0.00407709 0.0328724 0.118464 0.22453 0.355482 0.505987 0.710957 1.00693 1.38094 1.82486 2.33774 2.9186 3.5656 4.27426 5.02369 5.74798 6.35544 6.78704 7.0328 7.14468 7.18563 7.19785 7.20087 7.2015 7.20162 7.20164 7.20164 7.20164 7.20164 7.20164 7.20164 7.20164 7.20164 7.20164 7.20164 7.20164 7.20164 7.20164 7.20164 7.20164
 0 1.62431e-09 4.42014e-09 2.16997e-06 0.00111548 0.0529833 0.402059 0.850154 0.985706 0.999286 0.999974 0.999999 0.999999 0.999999 0.999999 0.999998 0.999998 0.999998 0.999997 0.999997 0.999997 0.999997 0.999997 0.999997 0.999997 0.999997 0.999997 0.999997 0.999997 0.999997 0.999997 0.999997 0.999997 0.999997 0.999997 0.999997 0.999997 0.999997 0.999997 0.999997 0.999997
# Sex ratio correction
1
# M and current age-structure in year Yinit: 2015
 # gender = 1
 0.441858 0.441858 0.441858 0.441858 0.441858 0.441858 0.441858 0.441858 0.441858 0.441858 0.441858 0.441858 0.441858 0.441858 0.441858 0.441858 0.441858 0.441858 0.441858 0.441858 0.441858 0.441858 0.441858 0.441858 0.441858 0.441858 0.441858 0.441858 0.441858 0.441858 0.441858 0.441858 0.441858 0.441858 0.441858 0.441858 0.441858 0.441858 0.441858 0.441858 0.441858
 71684.3 108979 19399.3 1823.42 38432.8 8161.54 7846.1 6341.31 3633.52 781.201 291.218 334.054 96.8363 61.2398 15.7777 4.60709 4.17613 0.466125 0.174188 0.0269444 0.00667679 0.00112831 0.000211047 3.79372e-05 4.19193e-06 1.32124e-06 1.47643e-07 2.4503e-08 3.77559e-09 5.16874e-10 7.14895e-11 1.86476e-11 1.90629e-12 2.65601e-13 3.34622e-14 5.26002e-15 6.94574e-16 8.17092e-17 2.01898e-17 4.61144e-18 4.59551e-19
 # gender = 2
 0.6 0.6 0.6 0.6 0.6 0.6 0.6 0.6 0.6 0.6 0.6 0.6 0.6 0.6 0.6 0.6 0.6 0.6 0.6 0.6 0.6 0.6 0.6 0.6 0.6 0.6 0.6 0.6 0.6 0.6 0.6 0.6 0.6 0.6 0.6 0.6 0.6 0.6 0.6 0.6 0.6
 71684.3 93038.8 14139.4 1134.81 20442.9 3711.5 2749.66 878.59 74.9686 1.79291 0.0853305 0.0109317 0.000150995 1.40239e-06 3.73715e-09 1.27502e-11 2.28837e-13 1.24859e-15 3.51058e-17 4.94712e-19 1.75352e-20 5.53705e-22 2.42491e-23 9.57374e-25 1.46861e-26 6.17715e-28 1.22924e-29 4.1597e-31 1.16785e-32 2.2275e-34 3.17724e-36 8.54083e-38 9.74624e-40 1.54788e-41 2.9795e-43 1.28792e-44 8.19252e-46 5.99586e-47 9.77661e-48 1.37673e-48 2.85267e-50
# Age-structure at Ydeclare= 2013
 46944.4 4413.22 93123.1 19866.3 19345.6 16066.1 9643.06 2218.05 902.108 1146.75 372.274 265.078 76.9703 25.2686 25.6255 3.17926 1.30879 0.220648 0.0590886 0.0107224 0.00214037 0.000408185 4.75864e-05 1.57431e-05 1.83778e-06 3.17233e-07 5.064e-08 7.15602e-09 1.01832e-09 2.72479e-10 2.84976e-11 4.05245e-12 5.1996e-13 8.30789e-14 1.11315e-14 1.32668e-15 3.31649e-16 7.65409e-17 6.50437e-18 9.63572e-19 2.46719e-19
 46944.4 3767.69 67873.6 12363.4 10287.8 7307.3 3480.66 370.43 28.8646 3.93553 0.0545707 0.000506917 1.35086e-06 4.6088e-09 8.27169e-11 4.51324e-13 1.26896e-14 1.78821e-16 6.33835e-18 2.00145e-19 8.76518e-21 3.46057e-22 5.30852e-24 2.23282e-25 4.44329e-27 1.50358e-28 4.22136e-30 8.05162e-32 1.14846e-33 3.08721e-35 3.52292e-37 5.59503e-39 1.07698e-40 4.65539e-42 2.96131e-43 2.16729e-44 3.5339e-45 4.97639e-46 1.01682e-47 1.40966e-49 2.22218e-51
# Year for Tmin Age-structure (set to Ydecl by SS)
2013
#  recruitment and biomass
# Number of historical assessment years
148
# Historical data
# year recruitment spawner in B0 in R project in R/S project
1875  1876 1877 1878 1879 1880 1881 1882 1883 1884 1885 1886 1887 1888 1889 1890 1891 1892 1893 1894 1895 1896 1897 1898 1899 1900 1901 1902 1903 1904 1905 1906 1907 1908 1909 1910 1911 1912 1913 1914 1915 1916 1917 1918 1919 1920 1921 1922 1923 1924 1925 1926 1927 1928 1929 1930 1931 1932 1933 1934 1935 1936 1937 1938 1939 1940 1941 1942 1943 1944 1945 1946 1947 1948 1949 1950 1951 1952 1953 1954 1955 1956 1957 1958 1959 1960 1961 1962 1963 1964 1965 1966 1967 1968 1969 1970 1971 1972 1973 1974 1975 1976 1977 1978 1979 1980 1981 1982 1983 1984 1985 1986 1987 1988 1989 1990 1991 1992 1993 1994 1995 1996 1997 1998 1999 2000 2001 2002 2003 2004 2005 2006 2007 2008 2009 2010 2011 2012 2013 2014 2015 2016 2017 2018 2019 2020 2021 2022 #years (with first value representing R0)
179721 180394 180394 180394 180394 180395 180395 180394 180393 180391 180389 180385 180380 180374 180368 180360 180352 180344 180335 180325 180316 180306 180296 180286 180276 180266 180256 180246 180236 180226 180217 180208 180199 180191 180185 180179 180176 180174 180176 180182 180192 180208 180234 180235 180284 180377 180517 180661 180801 180985 181197 181483 181857 182290 182846 183524 184409 185554 187092 189294 192243 196504 202674 210709 220185 235567 282378 226870 168072 174342 187707 191780 198335 210504 190343 162545 157756 176584 186850 169616 173099 177664 166051 129945 132571 164056 173542 166765 156485 156909 228382 341659 429426 497630 195917 157454 208972 179577 176967 137761 149268 273793 179112 104790 125054 130073 112325 121039 119385 163903 90548.9 97116.5 108280 110209 106868 157614 84390.4 132280 131257 129791 148658 122790 174073 111004 261681 85062.6 96940.3 141728 95028.1 154489 69328 102676 278165 294197 226810 149588 450697 13730.3 93888.7 339056 143369 224509 228587 239365 190810 172492 174434 177016  #recruits; first value is R0 (virgin)
1.57554  1.57554 1.5755 1.57548 1.57551 1.57566 1.57566 1.57556 1.5754 1.57512 1.57469 1.5741 1.57334 1.57243 1.57137 1.5702 1.56893 1.56758 1.56616 1.56469 1.56318 1.56163 1.56005 1.55843 1.55679 1.55513 1.55345 1.55174 1.55001 1.54827 1.5465 1.54472 1.54291 1.54109 1.53925 1.5374 1.53553 1.53364 1.53173 1.52981 1.52788 1.52593 1.52417 1.51722 1.51551 1.51792 1.52416 1.52697 1.52424 1.52172 1.51539 1.51026 1.50647 1.49899 1.49348 1.48551 1.48138 1.4798 1.48167 1.48979 1.46629 1.45467 1.46438 1.45787 1.44813 1.42306 1.41931 1.43475 1.40799 1.38186 1.42331 1.48332 1.46608 1.46132 1.30934 1.20074 1.07714 1.0617 1.07368 1.10058 1.08566 1.06975 1.07034 1.01735 0.991314 1.00311 0.999232 0.960394 0.906546 0.847237 0.823966 0.814063 0.810336 0.829103 0.872159 0.948706 1.06987 1.25639 1.47568 1.65318 1.71565 1.65927 1.53437 1.40724 1.21836 1.0492 0.965405 0.947434 0.91077 0.880835 0.83866 0.772379 0.714698 0.632189 0.573662 0.534441 0.519431 0.482681 0.476547 0.485917 0.5125 0.530569 0.539815 0.5377 0.571492 0.611846 0.630894 0.659238 0.6904 0.710596 0.730023 0.698227 0.621498 0.56672 0.522788 0.516664 0.602491 0.723518 0.870287 1.01806 1.15498 1.2371 1.2619 1.2533 1.17835 1.11598 1.16042 1.16596 #SSBio; first value is SSB_virgin (virgin)
1 0 0 0 0 0 0 0 0 0 0 0 0 0 0 0 0 0 0 0 0 0 0 0 0 0 0 0 0 0 0 0 0 0 0 0 0 0 0 0 0 0 0 0 0 0 0 0 0 0 0 0 0 0 0 0 0 0 0 0 0 0 0 0 0 0 0 0 0 0 0 0 0 0 0 0 0 0 0 0 0 0 0 0 0 0 0 0 0 0 0 0 0 0 0 0 0 0 0 0 0 0 0 0 0 0 0 0 0 0 0 0 0 0 0 0 0 0 0 0 0 0 0 0 0 0 0 0 0 0 0 0 0 0 0 0 0 0 0 0 0 0 0 0 0 0 0 0  # in Bzero
0 1 1 1 1 1 1 1 1 1 1 1 1 1 1 1 1 1 1 1 1 1 1 1 1 1 1 1 1 1 1 1 1 1 1 1 1 1 1 1 1 1 1 1 1 1 1 1 1 1 1 1 1 1 1 1 1 1 1 1 1 1 1 1 1 1 1 1 1 1 1 1 1 1 1 1 1 1 1 1 1 1 1 1 1 1 1 1 1 1 1 1 1 1 1 1 1 1 1 1 1 1 1 1 1 1 1 1 1 1 1 1 1 1 1 1 1 1 1 1 1 1 1 1 1 1 1 1 1 1 1 1 1 1 1 1 1 1 1 1 1 1 1 1 1  0 0 0 # in R project
0 1 1 1 1 1 1 1 1 1 1 1 1 1 1 1 1 1 1 1 1 1 1 1 1 1 1 1 1 1 1 1 1 1 1 1 1 1 1 1 1 1 1 1 1 1 1 1 1 1 1 1 1 1 1 1 1 1 1 1 1 1 1 1 1 1 1 1 1 1 1 1 1 1 1 1 1 1 1 1 1 1 1 1 1 1 1 1 1 1 1 1 1 1 1 1 1 1 1 1 1 1 1 1 1 1 1 1 1 1 1 1 1 1 1 1 1 1 1 1 1 1 1 1 1 1 1 1 1 1 1 1 1 1 1 1 1 1 1 1 1 1 1 1 1  0 0 0 # in R/S project
# Number of years with pre-specified catches
0
# catches for years with pre-specified catches go next
# Number of future recruitments to override
2
# Process for overiding (-1 for average otherwise index in data list)
2014 1 2014
2015 1 2015
# Which probability to product detailed results for (1=0.5; 2=0.6; etc.)
3
# Steepness sigma-R Auto-correlation
0.8 0.5 0
# Target SPR rate (FMSY Proxy); manually change to SPR_MSY if not using SPR_target
0.3
# Discount rate (for cumulative catch)
0.1
# Truncate the series when 0.4B0 is reached (1=Yes)
0
# Set F to FMSY once 0.4B0 is reached (1=Yes)
0
# Maximum possible F for projection (-1 to set to FMSY)
-1
# Defintion of recovery (1=now only;2=now or before)
2
# Projection type
4
# Definition of the 40-10 rule
10 40
# Sigma Assessment Error (Base, Year1, Slope, MaxSigma)
1.0 2023 0.075 2.0
# Pstar
0.45
# Constrain catches by the ABC (1=yes, 2=no)
2
# Implementation Error (0=no; 1=lognormal; 2=uniform)
0
#Parameters of Implementaion Error
1 0.3
# Calculate coefficients of variation (1=Yes)
0
# Number of replicates to use
10
# Random number seed
-99004
# File with multiple parameter vectors 
rebuild.SSO
# User-specific projection (1=Yes); Output replaced (1->9)
0  5
# Catches and Fs (Year; 1/2/3 (F or C or SPR); value); Final row is -1
2022 1 1
-1 -1 -1
# Fixed catch project (1=Yes); Output replaced (1->9); Approach (-1=Read in else 1-9)
0 2 -1
# (48a) Special catch options (1-Yes) [CUT_OFF, Emsy, distribution, MAXCAT, Add, replace_code]
0 0.18 1.00 1.00 0 6
# (48b) B1Target
150000
# Split of Fs
2015  0.44562
 0.55438
-1  1 1 1 1
# Yrs to define T_target for projection type 4 (a.k.a. 5 pre-specified inputs)
2028 2029 2030 2031 2032 
# Year for probability of recovery
2032 2033 2034 2035 2036 2037 2038 2039
# Time varying weight-at-age (1=Yes;0=No)
0
# File with time series of weight-at-age data
none
# Use bisection (0) or linear interpolation (1)
1
# Target Depletion
0.4
# CV of implementation error
0
