#Title, #runnumber: 3 petrale_data.ss petrale_control.ss 1371.65 7.3036 3.35235 StartTime: Mon Jun  9 15:49:23 2025
SSv3_default_rebuild.dat
# Number of sexes
2
# Age range to consider (minimum age; maximum age)
0 40
# Number of fleets
2
# First year of projection (Yinit)
2015
# First Year of rebuilding period (Ydecl)
2013
# Number of simulations
1000
# Maximum number of years
500
# Conduct projections with multiple starting values (0=No;else yes)
0
# Number of parameter vectors
1000
# Is the maximum age a plus-group (1=Yes;2=No)
1
# Generate future recruitments using historical recruitments (1)  historical recruits/spawner (2)  or a stock-recruitment (3)
3
# Constant fishing mortality (1) or constant Catch (2) projections
1
# Fishing mortality based on SPR (1) or actual rate (2)
1
# Pre-specify the year of recovery (or -1) to ignore
-1
# Fecundity-at-age
# 0 1 2 3 4 5 6 7 8 9 10 11 12 13 14 15 16 17 18 19 20 21 22 23 24 25 26 27 28 29 30 31 32 33 34 35 36 37 38 39 40 #runnumber: 3 petrale_data.ss petrale_control.ss 1371.65 7.3036 3.35235
 0 0 0 2.85278e-07 6.31592e-06 3.16493e-05 7.82326e-05 0.000137385 0.000200581 0.000262291 0.000319454 0.000370634 0.000415388 0.000453857 0.000486499 0.000513923 0.000536786 0.000555732 0.000567288 0.000576763 0.000584512 0.000590836 0.000595987 0.000600178 0.000603583 0.000606348 0.000608592 0.000610411 0.000611885 0.000613079 0.000614047 0.00061483 0.000615464 0.000615977 0.000616393 0.000616729 0.000617001 0.000617221 0.000617399 0.000617543 0.000617715 #female fecundity; weighted by N in year Y_init across morphs and areas
# Age specific selectivity and weight adjusted for discard and discard mortality
 #wt and selex for gender,fleet: 1 1 North
 0.00141886 0.0238426 0.130103 0.314938 0.515937 0.693461 0.839072 0.957055 1.05326 1.13225 1.19733 1.25098 1.29516 1.33148 1.36127 1.38565 1.40557 1.41795 1.42456 1.42995 1.43432 1.43788 1.44077 1.44311 1.44501 1.44654 1.44779 1.4488 1.44962 1.45028 1.45081 1.45125 1.4516 1.45188 1.45211 1.4523 1.45245 1.45257 1.45267 1.45275 1.45284
 0 9.61748e-08 2.20482e-05 0.000781309 0.00646406 0.022794 0.0496545 0.082011 0.114846 0.145141 0.171626 0.19407 0.212744 0.228112 0.240674 0.250902 0.259207 0.265357 0.26984 0.273494 0.276468 0.278885 0.280848 0.28244 0.283732 0.284779 0.285627 0.286314 0.28687 0.28732 0.287685 0.28798 0.288218 0.288411 0.288568 0.288694 0.288796 0.288879 0.288946 0.289 0.289065
 #wt and selex for gender,fleet: 1 2 South
 0.00141886 0.0270029 0.149593 0.336981 0.51348 0.655348 0.768651 0.861767 0.93974 1.00544 1.06074 1.10711 1.1458 1.17791 1.20446 1.22632 1.24426 1.2556 1.26183 1.26692 1.27106 1.27443 1.27717 1.27939 1.28119 1.28265 1.28383 1.28479 1.28557 1.2862 1.28671 1.28712 1.28745 1.28772 1.28794 1.28812 1.28826 1.28838 1.28847 1.28855 1.28864
 0 4.59958e-08 3.29224e-05 0.00167088 0.0140055 0.045606 0.0911278 0.140127 0.185724 0.22515 0.257986 0.284813 0.306521 0.324008 0.338068 0.349368 0.358452 0.36537 0.37063 0.374903 0.378371 0.381183 0.383463 0.38531 0.386806 0.388017 0.388997 0.389791 0.390433 0.390953 0.391374 0.391714 0.39199 0.392212 0.392392 0.392538 0.392656 0.392752 0.392829 0.392891 0.392966
 #wt and selex for gender,fleet: 2 1 North
 0.00169073 0.0189969 0.122582 0.239901 0.344577 0.426398 0.489077 0.538339 0.578018 0.610332 0.636678 0.658081 0.675374 0.689273 0.700388 0.70924 0.716266 0.721207 0.724564 0.727215 0.729304 0.730949 0.732242 0.733258 0.734056 0.734681 0.735172 0.735557 0.735858 0.736095 0.73628 0.736425 0.736538 0.736627 0.736697 0.736752 0.736794 0.736828 0.736854 0.736875 0.736897
 0 4.10987e-09 5.56547e-07 0.000296249 0.0074867 0.0414526 0.107296 0.187289 0.264042 0.32956 0.38239 0.423856 0.456019 0.480859 0.500031 0.514843 0.526307 0.535248 0.542271 0.547763 0.552058 0.555417 0.558045 0.560101 0.56171 0.56297 0.563956 0.564727 0.565331 0.565804 0.566175 0.566464 0.566691 0.566869 0.567008 0.567117 0.567203 0.567269 0.567322 0.567363 0.567408
 #wt and selex for gender,fleet: 2 2 South
 0.00169073 0.0193204 0.125332 0.230151 0.314556 0.37808 0.428837 0.471609 0.508173 0.539223 0.565254 0.586791 0.604407 0.618681 0.630163 0.639344 0.646652 0.651929 0.655646 0.658585 0.660904 0.66273 0.664167 0.665297 0.666183 0.666879 0.667425 0.667853 0.668189 0.668452 0.668658 0.668819 0.668945 0.669045 0.669122 0.669183 0.66923 0.669268 0.669297 0.66932 0.669345
 0 4.5076e-09 4.08298e-06 0.00165627 0.0283861 0.114328 0.235861 0.3527 0.447574 0.519504 0.572768 0.61206 0.641175 0.662905 0.67925 0.691634 0.701076 0.708652 0.714808 0.719586 0.723301 0.726193 0.728448 0.730207 0.73158 0.732653 0.733492 0.734148 0.734661 0.735062 0.735377 0.735622 0.735815 0.735965 0.736083 0.736176 0.736248 0.736305 0.736349 0.736384 0.736422
# Sex ratio correction
1
# M and current age-structure in year Yinit: 2015
 # gender = 1
 0.157183 0.157183 0.157183 0.157183 0.157183 0.157183 0.157183 0.157183 0.157183 0.157183 0.157183 0.157183 0.157183 0.157183 0.157183 0.157183 0.157183 0.157183 0.157183 0.157183 0.157183 0.157183 0.157183 0.157183 0.157183 0.157183 0.157183 0.157183 0.157183 0.157183 0.157183 0.157183 0.157183 0.157183 0.157183 0.157183 0.157183 0.157183 0.157183 0.157183 0.157183
 9580.6 4627.68 5044.22 6009.45 4774.64 2660.99 2260.16 5580.08 4373.73 3968.47 1246.51 711.809 391.94 251.698 140.713 83.5253 75.8174 67.4338 16.738 7.74785 4.91203 1.91593 1.5273 0.3714 0.189022 0.111269 0.0484354 0.0194879 0.0062161 0.00150296 0.000720714 0.000465017 0.000155193 2.96248e-05 9.19196e-06 3.54543e-06 1.02418e-06 2.45761e-07 1.03883e-07 5.44729e-08 2.40576e-08
 # gender = 2
 0.177464 0.177464 0.177464 0.177464 0.177464 0.177464 0.177464 0.177464 0.177464 0.177464 0.177464 0.177464 0.177464 0.177464 0.177464 0.177464 0.177464 0.177464 0.177464 0.177464 0.177464 0.177464 0.177464 0.177464 0.177464 0.177464 0.177464 0.177464 0.177464 0.177464 0.177464 0.177464 0.177464 0.177464 0.177464 0.177464 0.177464 0.177464 0.177464 0.177464 0.177464
 9580.6 4534.77 4843.71 5654.9 4403.73 2394.99 1948.52 4480.12 3192 2584.41 705.425 331.992 140.292 64.8633 24.9083 9.86778 5.90577 3.40661 0.533703 0.15189 0.0583362 0.0137548 0.00652977 0.000911141 0.000257919 8.34177e-05 1.97802e-05 4.2593e-06 7.04431e-07 8.44802e-08 1.92189e-08 5.62682e-09 8.14192e-10 6.52575e-11 8.50673e-12 1.43295e-12 1.91345e-13 2.26711e-14 5.13026e-15 1.54092e-15 3.43616e-16
# Age-structure at Ydeclare= 2013
 6907.51 8229.59 6544.72 3670.56 3176.23 8102.03 6617.26 6265.81 2047.63 1210.4 686.186 451.41 257.388 155.251 142.766 128.321 32.1147 14.9576 9.52823 3.73091 2.9835 0.727369 0.370959 0.218735 0.0953448 0.0384042 0.0122608 0.00296663 0.00142342 0.000918848 0.000306771 5.85776e-05 1.818e-05 7.01361e-06 2.02638e-06 4.86314e-07 2.05586e-07 1.07812e-07 3.32603e-08 9.27149e-09 5.08726e-09
 6907.51 8064.36 6284.56 3453.97 2929.45 7305.79 5763.59 5150.41 1528.24 768.468 341.735 164.267 64.9757 26.3283 16.0314 9.37063 1.48326 0.425589 0.164511 0.0389846 0.0185796 0.00260048 0.000737886 0.000239098 5.67783e-05 1.22401e-05 2.02616e-06 2.43161e-07 5.53485e-08 1.62116e-08 2.34658e-09 1.88128e-10 2.45287e-11 4.13251e-12 5.51893e-13 6.53962e-14 1.47997e-14 4.44549e-15 8.16135e-16 1.38231e-16 3.70087e-17
# Year for Tmin Age-structure (set to Ydecl by SS)
2013
#  recruitment and biomass
# Number of historical assessment years
148
# Historical data
# year recruitment spawner in B0 in R project in R/S project
1875  1876 1877 1878 1879 1880 1881 1882 1883 1884 1885 1886 1887 1888 1889 1890 1891 1892 1893 1894 1895 1896 1897 1898 1899 1900 1901 1902 1903 1904 1905 1906 1907 1908 1909 1910 1911 1912 1913 1914 1915 1916 1917 1918 1919 1920 1921 1922 1923 1924 1925 1926 1927 1928 1929 1930 1931 1932 1933 1934 1935 1936 1937 1938 1939 1940 1941 1942 1943 1944 1945 1946 1947 1948 1949 1950 1951 1952 1953 1954 1955 1956 1957 1958 1959 1960 1961 1962 1963 1964 1965 1966 1967 1968 1969 1970 1971 1972 1973 1974 1975 1976 1977 1978 1979 1980 1981 1982 1983 1984 1985 1986 1987 1988 1989 1990 1991 1992 1993 1994 1995 1996 1997 1998 1999 2000 2001 2002 2003 2004 2005 2006 2007 2008 2009 2010 2011 2012 2013 2014 2015 2016 2017 2018 2019 2020 2021 2022 #years (with first value representing R0)
16333.3 16347.2 16347.1 16347.2 16347.1 16347.1 16346.8 16346.3 16345.5 16344.5 16343.3 16342 16340.6 16338.8 16337 16335 16333 16331 16328.9 16326.6 16324.2 16321.7 16319.3 16316.7 16314.4 16311.8 16309.3 16306.9 16304.2 16301.6 16299.2 16296.5 16294 16291.5 16289.3 16286.4 16284.5 16282.4 16279.9 16278.4 16276.8 16274.3 16272.9 16267.5 16266.4 16268.6 16275.8 16280.1 16279.5 16281.1 16279.1 16281.1 16283.1 16283.4 16288.6 16296 16312.5 16334.9 16364.4 16404.9 16411.4 16377 16283.6 16044.9 15610.1 14945.5 14175.1 13528.4 13260.8 13501.9 13955 13997 13611.5 13145.7 12640.7 12394.2 12286 12196.8 11953 11692.8 11351.7 10925.4 10754.8 11403.2 13818.1 17088.3 14796.5 11845.5 11807.6 13843.1 24523.2 66725.3 11101.9 8191.9 7521.5 8330.01 9478.78 9127.69 9077.07 10381 13131.6 14557.9 9289.71 7225.51 9733.44 10730.4 8762.92 8857.14 14730.9 14470.2 7701.59 5805.83 9139.03 11476.6 11980.8 12014.2 9179.98 8338.02 16346.6 10087.7 13033.6 10544.2 11908.6 25670.3 15849 9862.79 9697.65 10560.3 10556.1 13062.8 16539.7 40021.9 34731.2 35751.3 11920.7 11764.3 17924.6 19260.7 13815 10830.7 19161.2 11840.8 10831.1 14287.7 15784.7 15949.2 15326.8 15423.4  #recruits; first value is R0 (virgin)
7.3036  7.30362 7.30341 7.30323 7.30305 7.30292 7.30069 7.29655 7.29068 7.28323 7.27433 7.26412 7.25274 7.24031 7.22694 7.21274 7.19779 7.18219 7.16601 7.14931 7.13215 7.11459 7.09663 7.07837 7.05983 7.04105 7.02205 7.00285 6.98347 6.96394 6.94426 6.92447 6.90456 6.88456 6.86446 6.84429 6.82405 6.80374 6.78338 6.76296 6.7425 6.72201 6.70251 6.65601 6.63477 6.63482 6.65725 6.66573 6.64668 6.62835 6.58954 6.55463 6.52427 6.47408 6.43093 6.37404 6.33242 6.30011 6.28187 6.29218 6.15889 6.07715 6.07855 6.00632 5.91677 5.76105 5.67367 5.63262 5.43236 5.21024 5.11886 5.04011 4.70529 4.4632 3.83456 3.44365 3.02774 2.86956 2.75757 2.69205 2.52142 2.39891 2.3611 2.1911 2.0786 2.04241 1.96517 1.8134 1.65255 1.5151 1.51931 1.57512 1.61829 1.66888 1.73503 1.90447 2.25114 2.6984 3.04705 3.14588 2.91524 2.53451 2.1831 1.9039 1.48355 1.12131 0.954286 0.904951 0.775016 0.712274 0.697281 0.666492 0.654296 0.6099 0.612286 0.608416 0.602694 0.53589 0.531274 0.580445 0.679427 0.744574 0.770035 0.779438 0.872872 0.9787 1.02831 1.09424 1.21837 1.35925 1.5093 1.48676 1.39897 1.31988 1.24781 1.31754 1.73173 2.36637 3.11925 3.71146 4.12566 4.33384 4.3969 4.31307 4.15977 4.00773 3.91871 3.65723 #spbio; first value is SSB_virgin (virgin)
1 0 0 0 0 0 0 0 0 0 0 0 0 0 0 0 0 0 0 0 0 0 0 0 0 0 0 0 0 0 0 0 0 0 0 0 0 0 0 0 0 0 0 0 0 0 0 0 0 0 0 0 0 0 0 0 0 0 0 0 0 0 0 0 0 0 0 0 0 0 0 0 0 0 0 0 0 0 0 0 0 0 0 0 0 0 0 0 0 0 0 0 0 0 0 0 0 0 0 0 0 0 0 0 0 0 0 0 0 0 0 0 0 0 0 0 0 0 0 0 0 0 0 0 0 0 0 0 0 0 0 0 0 0 0 0 0 0 0 0 0 0 0 0 0 0 0 0  # in Bzero
0 1 1 1 1 1 1 1 1 1 1 1 1 1 1 1 1 1 1 1 1 1 1 1 1 1 1 1 1 1 1 1 1 1 1 1 1 1 1 1 1 1 1 1 1 1 1 1 1 1 1 1 1 1 1 1 1 1 1 1 1 1 1 1 1 1 1 1 1 1 1 1 1 1 1 1 1 1 1 1 1 1 1 1 1 1 1 1 1 1 1 1 1 1 1 1 1 1 1 1 1 1 1 1 1 1 1 1 1 1 1 1 1 1 1 1 1 1 1 1 1 1 1 1 1 1 1 1 1 1 1 1 1 1 1 1 1 1 1 1 1 1 1 1 1  0 0 0 # in R project
0 1 1 1 1 1 1 1 1 1 1 1 1 1 1 1 1 1 1 1 1 1 1 1 1 1 1 1 1 1 1 1 1 1 1 1 1 1 1 1 1 1 1 1 1 1 1 1 1 1 1 1 1 1 1 1 1 1 1 1 1 1 1 1 1 1 1 1 1 1 1 1 1 1 1 1 1 1 1 1 1 1 1 1 1 1 1 1 1 1 1 1 1 1 1 1 1 1 1 1 1 1 1 1 1 1 1 1 1 1 1 1 1 1 1 1 1 1 1 1 1 1 1 1 1 1 1 1 1 1 1 1 1 1 1 1 1 1 1 1 1 1 1 1 1  0 0 0 # in R/S project
# Number of years with pre-specified catches
0
# catches for years with pre-specified catches go next
# Number of future recruitments to override
2
# Process for overiding (-1 for average otherwise index in data list)
2014 1 2014
2015 1 2015
# Which probability to product detailed results for (1=0.5; 2=0.6; etc.)
3
# Steepness sigma-R Auto-correlation
0.8 0.5 0
# Target SPR rate (FMSY Proxy); manually change to SPR_MSY if not using SPR_target
0.3
# Discount rate (for cumulative catch)
0.1
# Truncate the series when 0.4B0 is reached (1=Yes)
0
# Set F to FMSY once 0.4B0 is reached (1=Yes)
0
# Maximum possible F for projection (-1 to set to FMSY)
-1
# Defintion of recovery (1=now only;2=now or before)
2
# Projection type
4
# Definition of the 40-10 rule
10 40
# Sigma Assessment Error (Base, Year1, Slope, MaxSigma)
1.0 2023 0.075 2.0
# Pstar
0.45
# Constrain catches by the ABC (1=yes, 2=no)
2
# Implementation Error (0=no; 1=lognormal; 2=uniform)
0
#Parameters of Implementaion Error
1 0.3
# Calculate coefficients of variation (1=Yes)
0
# Number of replicates to use
10
# Random number seed
-99004
# File with multiple parameter vectors 
rebuild.SSO
# User-specific projection (1=Yes); Output replaced (1->9)
0  5
# Catches and Fs (Year; 1/2/3 (F or C or SPR); value); Final row is -1
2022 1 1
-1 -1 -1
# Fixed catch project (1=Yes); Output replaced (1->9); Approach (-1=Read in else 1-9)
0 2 -1
# (48a) Special catch options (1-Yes) [CUT_OFF, Emsy, distribution, MAXCAT, Add, replace_code]
0 0.18 1.00 1.00 0 6
# (48b) B1Target
150000
# Split of Fs
2015  0.44562
 0.55438
-1  1 1 1 1
# Yrs to define T_target for projection type 4 (a.k.a. 5 pre-specified inputs)
2028 2029 2030 2031 2032 
# Year for probability of recovery
2032 2033 2034 2035 2036 2037 2038 2039
# Time varying weight-at-age (1=Yes;0=No)
0
# File with time series of weight-at-age data
none
# Use bisection (0) or linear interpolation (1)
1
# Target Depletion
0.4
# CV of implementation error
0
