#Title, #runnumber: 3 petrale_data.ss petrale_control.ss 663.275 22.2891 7.81508 StartTime: Tue Jun 24 21:02:07 2025
SSv3_default_rebuild.dat
# Number of sexes
2
# Age range to consider (minimum age; maximum age)
0 40
# Number of fleets
2
# First year of projection (Yinit)
2015
# First Year of rebuilding period (Ydecl)
2013
# Number of simulations
1000
# Maximum number of years
500
# Conduct projections with multiple starting values (0=No;else yes)
0
# Number of parameter vectors
1000
# Is the maximum age a plus-group (1=Yes;2=No)
1
# Generate future recruitments using historical recruitments (1)  historical recruits/spawner (2)  or a stock-recruitment (3)
3
# Constant fishing mortality (1) or constant Catch (2) projections
1
# Fishing mortality based on SPR (1) or actual rate (2)
1
# Pre-specify the year of recovery (or -1) to ignore
-1
# Fecundity-at-age
# 0 1 2 3 4 5 6 7 8 9 10 11 12 13 14 15 16 17 18 19 20 21 22 23 24 25 26 27 28 29 30 31 32 33 34 35 36 37 38 39 40 #runnumber: 3 petrale_data.ss petrale_control.ss 663.275 22.2891 7.81508
 0 0 0 2.16801e-07 6.70367e-06 5.50218e-05 0.000176075 0.000341596 0.000514649 0.000677733 0.000825331 0.000956299 0.00107097 0.00117029 0.00125551 0.00132806 0.0013894 0.00144097 0.00148286 0.00151774 0.0015467 0.00157068 0.0015905 0.00160685 0.00162032 0.00163141 0.00164052 0.00164801 0.00165416 0.0016592 0.00166334 0.00166673 0.00166951 0.00167179 0.00167366 0.00167519 0.00167644 0.00167747 0.00167831 0.001679 0.00167985 #female fecundity; weighted by N in year Y_init across morphs and areas
# Age specific selectivity and weight adjusted for discard and discard mortality
 #wt and selex for gender,fleet: 1 1 North
 0.00114408 0.017334 0.0799742 0.189768 0.334714 0.497595 0.663716 0.822905 0.969198 1.09979 1.21396 1.3123 1.39606 1.4668 1.52618 1.57578 1.61704 1.64978 1.67557 1.6969 1.71451 1.72903 1.74099 1.75082 1.7589 1.76554 1.77098 1.77545 1.77912 1.78212 1.78458 1.7866 1.78825 1.78961 1.79072 1.79162 1.79237 1.79298 1.79348 1.79388 1.79439
 0 4.6482e-05 0.000654411 0.00443588 0.0168653 0.0431047 0.0838806 0.135249 0.191342 0.246936 0.298541 0.344377 0.383908 0.41734 0.445254 0.468367 0.487405 0.502981 0.515731 0.526198 0.534782 0.541816 0.547578 0.552296 0.556159 0.559321 0.56191 0.564029 0.565763 0.567183 0.568345 0.569297 0.570075 0.570713 0.571235 0.571662 0.572012 0.572298 0.572533 0.572724 0.572961
 #wt and selex for gender,fleet: 1 2 South
 0.00114408 0.0182444 0.0847026 0.197968 0.343311 0.501979 0.659473 0.806803 0.93951 1.05627 1.15753 1.24455 1.31883 1.38186 1.43508 1.4798 1.51723 1.54744 1.5717 1.59184 1.60852 1.62232 1.6337 1.64308 1.6508 1.65715 1.66237 1.66665 1.67016 1.67305 1.67541 1.67735 1.67894 1.68024 1.68131 1.68218 1.6829 1.68348 1.68396 1.68435 1.68484
 0 4.0309e-05 0.000976315 0.00881046 0.0378548 0.0997062 0.190497 0.29473 0.396687 0.486711 0.561334 0.620969 0.667727 0.7041 0.732359 0.75437 0.77159 0.785444 0.796715 0.805707 0.812906 0.81869 0.82335 0.827114 0.830161 0.832633 0.834641 0.836274 0.837605 0.838689 0.839573 0.840295 0.840885 0.841366 0.84176 0.842082 0.842345 0.842561 0.842737 0.842881 0.843059
 #wt and selex for gender,fleet: 2 1 North
 0.00126957 0.024 0.0970189 0.194868 0.297165 0.390522 0.470006 0.535526 0.588998 0.632544 0.667909 0.696487 0.719439 0.737755 0.752291 0.763769 0.772798 0.77967 0.784867 0.788928 0.792094 0.79456 0.796478 0.797968 0.799126 0.800025 0.800722 0.801263 0.801682 0.802007 0.80226 0.802455 0.802606 0.802724 0.802815 0.802885 0.80294 0.802982 0.803015 0.80304 0.803068
 0 7.38598e-09 1.32454e-05 0.00138322 0.0189974 0.0846127 0.200992 0.334842 0.455653 0.551669 0.623485 0.675917 0.713995 0.741751 0.762133 0.777226 0.788492 0.797171 0.803933 0.809082 0.813019 0.816036 0.818354 0.820139 0.821514 0.822576 0.823396 0.824029 0.82452 0.824899 0.825192 0.825419 0.825595 0.825732 0.825837 0.825919 0.825982 0.826031 0.826069 0.826099 0.82613
 #wt and selex for gender,fleet: 2 2 South
 0.00126957 0.0189151 0.113003 0.205636 0.28944 0.35958 0.421049 0.477285 0.528194 0.572814 0.610712 0.642125 0.667702 0.688263 0.70464 0.717595 0.727792 0.73568 0.741757 0.746502 0.7502 0.753079 0.755318 0.757057 0.758407 0.759455 0.760268 0.760899 0.761388 0.761767 0.762061 0.762289 0.762465 0.762602 0.762708 0.76279 0.762854 0.762903 0.762942 0.762971 0.763003
 0 4.4071e-09 1.61541e-05 0.0054791 0.0864047 0.311135 0.559009 0.732599 0.834049 0.890833 0.923176 0.942345 0.95422 0.961889 0.967024 0.970568 0.973073 0.975016 0.976552 0.977688 0.978536 0.979174 0.979658 0.980026 0.980307 0.980523 0.980689 0.980816 0.980915 0.980991 0.981049 0.981095 0.98113 0.981157 0.981178 0.981194 0.981207 0.981216 0.981224 0.98123 0.981236
# Sex ratio correction
1
# M and current age-structure in year Yinit: 2015
 # gender = 1
 0.14233 0.14233 0.14233 0.14233 0.14233 0.14233 0.14233 0.14233 0.14233 0.14233 0.14233 0.14233 0.14233 0.14233 0.14233 0.14233 0.14233 0.14233 0.14233 0.14233 0.14233 0.14233 0.14233 0.14233 0.14233 0.14233 0.14233 0.14233 0.14233 0.14233 0.14233 0.14233 0.14233 0.14233 0.14233 0.14233 0.14233 0.14233 0.14233 0.14233 0.14233
 6969.12 5954.28 3306.25 6933.65 3101.73 2496.1 2815.42 5043.68 3501.21 3322.04 1231.35 653.379 367.263 228.095 131.888 77.3449 53.3506 38.3658 9.85382 3.90076 2.29958 1.01087 0.603391 0.1267 0.0774581 0.0380513 0.0165337 0.00598602 0.00170895 0.000425917 0.000245551 0.000123518 3.86818e-05 7.04431e-06 1.95659e-06 6.66123e-07 1.6755e-07 3.46043e-08 1.54182e-08 7.16149e-09 2.64108e-09
 # gender = 2
 0.156868 0.156868 0.156868 0.156868 0.156868 0.156868 0.156868 0.156868 0.156868 0.156868 0.156868 0.156868 0.156868 0.156868 0.156868 0.156868 0.156868 0.156868 0.156868 0.156868 0.156868 0.156868 0.156868 0.156868 0.156868 0.156868 0.156868 0.156868 0.156868 0.156868 0.156868 0.156868 0.156868 0.156868 0.156868 0.156868 0.156868 0.156868 0.156868 0.156868 0.156868
 6969.12 5868.35 3211.65 6641.49 2933.06 2313.45 2493.59 4141.86 2614.6 2231.27 724.21 314.658 132.976 58.6112 23.5266 9.60929 4.71223 2.429 0.445951 0.127247 0.055548 0.0187703 0.00870208 0.00138649 0.000637404 0.000239341 8.01261e-05 2.20956e-05 4.73417e-06 8.61478e-07 3.45782e-07 1.141e-07 2.21289e-08 2.42027e-09 4.13813e-10 9.33443e-11 1.68705e-11 2.70345e-12 1.00123e-12 4.03009e-13 1.26305e-13
# Age-structure at Ydeclare= 2013
 4395.24 9222.33 4138.5 3365.37 3883.09 7212.4 5242.34 5229.63 2035.98 1129.92 660.504 424.077 252.086 151.241 106.284 77.6017 20.1793 8.06935 4.79647 2.12272 1.27403 0.268723 0.164886 0.0812428 0.0353871 0.0128375 0.00367097 0.000916129 0.000528745 0.000266209 8.34289e-05 1.52022e-05 4.22457e-06 1.43883e-06 3.62027e-07 7.479e-08 3.33305e-08 1.54843e-08 4.04802e-09 1.09244e-09 5.71108e-10
 4395.24 9089.23 4020.05 3223.11 3670.29 6701.97 4712.71 4430.2 1551.56 712.93 313.606 142.226 58.2666 24.1522 11.9721 6.22046 1.1489 0.329351 0.144289 0.0488899 0.022713 0.00362462 0.00166837 0.00062705 0.000210075 5.79627e-05 1.24244e-05 2.26163e-06 9.08011e-07 2.99682e-07 5.81303e-08 6.35856e-09 1.08728e-09 2.45276e-10 4.43323e-11 7.10441e-12 2.63121e-12 1.05913e-12 2.45357e-13 5.96626e-14 2.69254e-14
# Year for Tmin Age-structure (set to Ydecl by SS)
2013
#  recruitment and biomass
# Number of historical assessment years
148
# Historical data
# year recruitment spawner in B0 in R project in R/S project
1875  1876 1877 1878 1879 1880 1881 1882 1883 1884 1885 1886 1887 1888 1889 1890 1891 1892 1893 1894 1895 1896 1897 1898 1899 1900 1901 1902 1903 1904 1905 1906 1907 1908 1909 1910 1911 1912 1913 1914 1915 1916 1917 1918 1919 1920 1921 1922 1923 1924 1925 1926 1927 1928 1929 1930 1931 1932 1933 1934 1935 1936 1937 1938 1939 1940 1941 1942 1943 1944 1945 1946 1947 1948 1949 1950 1951 1952 1953 1954 1955 1956 1957 1958 1959 1960 1961 1962 1963 1964 1965 1966 1967 1968 1969 1970 1971 1972 1973 1974 1975 1976 1977 1978 1979 1980 1981 1982 1983 1984 1985 1986 1987 1988 1989 1990 1991 1992 1993 1994 1995 1996 1997 1998 1999 2000 2001 2002 2003 2004 2005 2006 2007 2008 2009 2010 2011 2012 2013 2014 2015 2016 2017 2018 2019 2020 2021 2022 #years (with first value representing R0)
15450.5 15455.5 15455.5 15455.6 15455.7 15455.8 15455.6 15455.3 15454.8 15454 15453.1 15452.1 15450.9 15449.6 15448.3 15446.8 15445.2 15443.7 15442 15440.4 15438.7 15437 15435.4 15433.8 15432.2 15430.7 15429.3 15427.9 15426.7 15425.7 15424.8 15424 15423.5 15423.3 15423.3 15423.7 15424.4 15425.5 15427.1 15429.2 15431.9 15435.1 15439.2 15440.5 15445.8 15455.1 15468.6 15481.7 15492.6 15505.4 15517.3 15531.9 15549.9 15568.6 15592.7 15620.7 15658.1 15705.7 15765.2 15836 15878.2 15873.9 15787.2 15526.8 15031.8 14288 13434.2 12704.2 12345.8 12591.4 13221.7 13309.4 12991.5 12730.1 12591.1 12732 12845.9 12681.4 12325.7 12083.9 11629.9 11023 10920.9 12210.7 16563.9 20528.7 14239.2 11857.6 13073.8 12456.3 39524.1 21424.9 9068.08 7138.09 7266.35 8641.24 9971.86 8846.76 8239.96 9585.87 11876.5 14443.8 9459.45 6222.17 8607.81 9676.39 8054.54 8347.12 13657.6 13560.1 8846 5324.64 7805.95 10451.3 11469.6 10831 9288.93 6555.36 13780.1 10396.7 10814.2 8498.6 10111.6 18986.6 13149.6 9894.94 9218.16 9264.65 9302.49 11103.2 15012.6 30669.9 25457.6 29722 13761.9 10320.3 11003.1 21265.9 8790.48 13730.1 13938.2 9198.28 7071.64 7875.33 10407 12909.7 13864.8 14088.6  #recruits; first value is R0 (virgin)
22.2891  22.2893 22.2888 22.2883 22.2879 22.2875 22.2814 22.27 22.2537 22.2327 22.2074 22.1782 22.1454 22.1094 22.0704 22.0289 21.9849 21.9389 21.891 21.8415 21.7904 21.7381 21.6844 21.6297 21.5741 21.5177 21.4605 21.4027 21.3443 21.2854 21.2261 21.1664 21.1064 21.0461 20.9855 20.9248 20.8639 20.8028 20.7417 20.6806 20.6195 20.5583 20.5 20.3717 20.3077 20.2991 20.3504 20.3685 20.3174 20.2685 20.1664 20.0732 19.9908 19.8567 19.7396 19.5862 19.4713 19.3802 19.3261 19.3479 19.0029 18.7869 18.7834 18.5928 18.3608 17.954 17.717 17.6001 17.057 16.4662 16.2317 16.0251 15.1319 14.4669 12.7587 11.6578 10.4551 9.91529 9.50471 9.24179 8.71654 8.34426 8.22355 7.76369 7.47105 7.38641 7.17961 6.76693 6.3115 5.93314 5.99285 6.23966 6.441 6.62505 6.7997 7.14617 7.66357 8.16323 8.32831 8.03574 7.08765 5.99497 5.16471 4.56805 3.6279 2.79949 2.39411 2.27728 1.92746 1.74448 1.67517 1.58194 1.53509 1.39475 1.39744 1.44048 1.4923 1.34395 1.30075 1.38717 1.6298 1.81722 1.89088 1.87461 2.08145 2.33905 2.44639 2.53296 2.6851 2.89443 3.20688 3.14697 2.96061 2.80416 2.64297 2.74729 3.59505 4.93828 6.63369 8.07073 9.15776 9.70041 9.887 9.78342 9.54622 9.31916 9.24034 8.65229 #spbio; first value is SSB_virgin (virgin)
1 0 0 0 0 0 0 0 0 0 0 0 0 0 0 0 0 0 0 0 0 0 0 0 0 0 0 0 0 0 0 0 0 0 0 0 0 0 0 0 0 0 0 0 0 0 0 0 0 0 0 0 0 0 0 0 0 0 0 0 0 0 0 0 0 0 0 0 0 0 0 0 0 0 0 0 0 0 0 0 0 0 0 0 0 0 0 0 0 0 0 0 0 0 0 0 0 0 0 0 0 0 0 0 0 0 0 0 0 0 0 0 0 0 0 0 0 0 0 0 0 0 0 0 0 0 0 0 0 0 0 0 0 0 0 0 0 0 0 0 0 0 0 0 0 0 0 0  # in Bzero
0 1 1 1 1 1 1 1 1 1 1 1 1 1 1 1 1 1 1 1 1 1 1 1 1 1 1 1 1 1 1 1 1 1 1 1 1 1 1 1 1 1 1 1 1 1 1 1 1 1 1 1 1 1 1 1 1 1 1 1 1 1 1 1 1 1 1 1 1 1 1 1 1 1 1 1 1 1 1 1 1 1 1 1 1 1 1 1 1 1 1 1 1 1 1 1 1 1 1 1 1 1 1 1 1 1 1 1 1 1 1 1 1 1 1 1 1 1 1 1 1 1 1 1 1 1 1 1 1 1 1 1 1 1 1 1 1 1 1 1 1 1 1 1 1  0 0 0 # in R project
0 1 1 1 1 1 1 1 1 1 1 1 1 1 1 1 1 1 1 1 1 1 1 1 1 1 1 1 1 1 1 1 1 1 1 1 1 1 1 1 1 1 1 1 1 1 1 1 1 1 1 1 1 1 1 1 1 1 1 1 1 1 1 1 1 1 1 1 1 1 1 1 1 1 1 1 1 1 1 1 1 1 1 1 1 1 1 1 1 1 1 1 1 1 1 1 1 1 1 1 1 1 1 1 1 1 1 1 1 1 1 1 1 1 1 1 1 1 1 1 1 1 1 1 1 1 1 1 1 1 1 1 1 1 1 1 1 1 1 1 1 1 1 1 1  0 0 0 # in R/S project
# Number of years with pre-specified catches
0
# catches for years with pre-specified catches go next
# Number of future recruitments to override
2
# Process for overiding (-1 for average otherwise index in data list)
2014 1 2014
2015 1 2015
# Which probability to product detailed results for (1=0.5; 2=0.6; etc.)
3
# Steepness sigma-R Auto-correlation
0.8 0.5 0
# Target SPR rate (FMSY Proxy); manually change to SPR_MSY if not using SPR_target
0.3
# Discount rate (for cumulative catch)
0.1
# Truncate the series when 0.4B0 is reached (1=Yes)
0
# Set F to FMSY once 0.4B0 is reached (1=Yes)
0
# Maximum possible F for projection (-1 to set to FMSY)
-1
# Defintion of recovery (1=now only;2=now or before)
2
# Projection type
4
# Definition of the 40-10 rule
10 40
# Sigma Assessment Error (Base, Year1, Slope, MaxSigma)
1.0 2023 0.075 2.0
# Pstar
0.45
# Constrain catches by the ABC (1=yes, 2=no)
2
# Implementation Error (0=no; 1=lognormal; 2=uniform)
0
#Parameters of Implementaion Error
1 0.3
# Calculate coefficients of variation (1=Yes)
0
# Number of replicates to use
10
# Random number seed
-99004
# File with multiple parameter vectors 
rebuild.SSO
# User-specific projection (1=Yes); Output replaced (1->9)
0  5
# Catches and Fs (Year; 1/2/3 (F or C or SPR); value); Final row is -1
2022 1 1
-1 -1 -1
# Fixed catch project (1=Yes); Output replaced (1->9); Approach (-1=Read in else 1-9)
0 2 -1
# (48a) Special catch options (1-Yes) [CUT_OFF, Emsy, distribution, MAXCAT, Add, replace_code]
0 0.18 1.00 1.00 0 6
# (48b) B1Target
150000
# Split of Fs
2015  0.44562
 0.55438
-1  1 1 1 1
# Yrs to define T_target for projection type 4 (a.k.a. 5 pre-specified inputs)
2028 2029 2030 2031 2032 
# Year for probability of recovery
2032 2033 2034 2035 2036 2037 2038 2039
# Time varying weight-at-age (1=Yes;0=No)
0
# File with time series of weight-at-age data
none
# Use bisection (0) or linear interpolation (1)
1
# Target Depletion
0.4
# CV of implementation error
0
