#Title, #runnumber: 3 petrale_data.ss petrale_control.ss 687.85 22.6841 8.7121 StartTime: Wed Jun 18 19:56:14 2025
SSv3_default_rebuild.dat
# Number of sexes
2
# Age range to consider (minimum age; maximum age)
0 40
# Number of fleets
2
# First year of projection (Yinit)
2015
# First Year of rebuilding period (Ydecl)
2013
# Number of simulations
1000
# Maximum number of years
500
# Conduct projections with multiple starting values (0=No;else yes)
0
# Number of parameter vectors
1000
# Is the maximum age a plus-group (1=Yes;2=No)
1
# Generate future recruitments using historical recruitments (1)  historical recruits/spawner (2)  or a stock-recruitment (3)
3
# Constant fishing mortality (1) or constant Catch (2) projections
1
# Fishing mortality based on SPR (1) or actual rate (2)
1
# Pre-specify the year of recovery (or -1) to ignore
-1
# Fecundity-at-age
# 0 1 2 3 4 5 6 7 8 9 10 11 12 13 14 15 16 17 18 19 20 21 22 23 24 25 26 27 28 29 30 31 32 33 34 35 36 37 38 39 40 #runnumber: 3 petrale_data.ss petrale_control.ss 687.85 22.6841 8.7121
 0 0 0 2.25447e-07 6.70201e-06 5.40103e-05 0.00017313 0.000337921 0.000511764 0.000676554 0.000826352 0.000959805 0.00107711 0.00117912 0.00126699 0.00134208 0.0014058 0.00145958 0.0015035 0.00154021 0.00157079 0.0015962 0.00161727 0.00163471 0.00164912 0.00166102 0.00167083 0.00167892 0.00168557 0.00169105 0.00169556 0.00169927 0.00170231 0.00170482 0.00170688 0.00170857 0.00170996 0.0017111 0.00171203 0.0017128 0.00171376 #female fecundity; weighted by N in year Y_init across morphs and areas
# Age specific selectivity and weight adjusted for discard and discard mortality
 #wt and selex for gender,fleet: 1 1 North
 0.00127587 0.018052 0.0817132 0.191521 0.335686 0.497441 0.662521 0.821013 0.967043 1.09778 1.21246 1.31156 1.39625 1.46803 1.52848 1.57915 1.62145 1.65527 1.68212 1.7044 1.72286 1.73812 1.75073 1.76113 1.76971 1.77677 1.78259 1.78737 1.79131 1.79454 1.7972 1.79939 1.80119 1.80266 1.80387 1.80487 1.80569 1.80636 1.80691 1.80736 1.80792
 0 4.52004e-05 0.0006543 0.00453332 0.0174818 0.0451027 0.0883148 0.142967 0.202756 0.262034 0.317023 0.365804 0.40781 0.443281 0.472857 0.497321 0.517456 0.53396 0.547502 0.558626 0.567756 0.575246 0.58139 0.586429 0.590561 0.593951 0.596732 0.599014 0.600885 0.602421 0.603682 0.604716 0.605565 0.606261 0.606833 0.607302 0.607688 0.608004 0.608263 0.608477 0.608742
 #wt and selex for gender,fleet: 1 2 South
 0.00127587 0.0191977 0.0868705 0.199975 0.344214 0.501508 0.657893 0.804623 0.937288 1.0545 1.15664 1.24483 1.32046 1.38495 1.43964 1.48581 1.52461 1.55614 1.58163 1.60288 1.62055 1.6352 1.64733 1.65737 1.66565 1.67248 1.67811 1.68275 1.68657 1.68971 1.69229 1.69442 1.69616 1.6976 1.69878 1.69974 1.70054 1.70119 1.70173 1.70217 1.70272
 0 3.87083e-05 0.000951792 0.00870298 0.0377755 0.100299 0.192782 0.299505 0.404176 0.496641 0.573198 0.634239 0.681963 0.718975 0.747646 0.76992 0.787308 0.80128 0.812637 0.821689 0.828934 0.834753 0.839444 0.843235 0.846308 0.848803 0.850834 0.852488 0.853838 0.854941 0.855842 0.856579 0.857183 0.857677 0.858082 0.858414 0.858686 0.85891 0.859093 0.859243 0.85943
 #wt and selex for gender,fleet: 2 1 North
 0.00136152 0.0260048 0.100687 0.197862 0.298694 0.390696 0.469289 0.53448 0.588157 0.632322 0.668563 0.698133 0.722088 0.741357 0.756757 0.768998 0.778685 0.786128 0.791812 0.796276 0.799775 0.802513 0.804653 0.806323 0.807627 0.808644 0.809436 0.810054 0.810535 0.810909 0.811201 0.811428 0.811605 0.811742 0.811849 0.811933 0.811997 0.812048 0.812087 0.812118 0.812151
 0 7.02201e-09 1.32281e-05 0.00143148 0.0200495 0.0901351 0.214568 0.356691 0.483438 0.582764 0.656025 0.708841 0.746788 0.774211 0.794215 0.808957 0.819926 0.828378 0.83497 0.839991 0.843832 0.846781 0.849051 0.850803 0.852158 0.853206 0.854019 0.85465 0.855139 0.855519 0.855815 0.856044 0.856223 0.856362 0.85647 0.856554 0.856619 0.85667 0.856709 0.85674 0.856773
 #wt and selex for gender,fleet: 2 2 South
 0.00136152 0.0193253 0.118289 0.209009 0.29055 0.359271 0.420391 0.477162 0.529189 0.575224 0.614623 0.647494 0.674416 0.696177 0.713599 0.727451 0.738408 0.74694 0.753557 0.758747 0.762812 0.76599 0.768472 0.770409 0.77192 0.773098 0.774016 0.774731 0.775288 0.775721 0.776059 0.776322 0.776526 0.776686 0.77681 0.776906 0.776981 0.77704 0.777085 0.77712 0.777159
 0 4.3784e-09 1.59294e-05 0.00546454 0.0873863 0.316946 0.570094 0.745706 0.846657 0.902038 0.932937 0.9509 0.961844 0.968813 0.973427 0.976583 0.9788 0.980509 0.981852 0.982843 0.983582 0.984139 0.98456 0.984882 0.985128 0.985317 0.985463 0.985576 0.985663 0.985731 0.985783 0.985824 0.985855 0.98588 0.985899 0.985914 0.985925 0.985934 0.985941 0.985946 0.985952
# Sex ratio correction
1
# M and current age-structure in year Yinit: 2015
 # gender = 1
 0.143418 0.143418 0.143418 0.143418 0.143418 0.143418 0.143418 0.143418 0.143418 0.143418 0.143418 0.143418 0.143418 0.143418 0.143418 0.143418 0.143418 0.143418 0.143418 0.143418 0.143418 0.143418 0.143418 0.143418 0.143418 0.143418 0.143418 0.143418 0.143418 0.143418 0.143418 0.143418 0.143418 0.143418 0.143418 0.143418 0.143418 0.143418 0.143418 0.143418 0.143418
 7631.24 6245.27 3828.78 7140.99 3552.68 2687.72 2942.18 5107.69 3727.98 3439.12 1248.36 671.927 379.661 245.263 134.613 80.2854 56.9914 41.9473 10.0361 4.39571 2.48896 1.0932 0.687889 0.143692 0.0878265 0.045679 0.019715 0.00738814 0.00216999 0.000542801 0.000314709 0.000166656 5.28073e-05 9.80815e-06 2.75982e-06 9.53005e-07 2.44125e-07 5.08354e-08 2.25828e-08 1.07473e-08 4.02216e-09
 # gender = 2
 0.15891 0.15891 0.15891 0.15891 0.15891 0.15891 0.15891 0.15891 0.15891 0.15891 0.15891 0.15891 0.15891 0.15891 0.15891 0.15891 0.15891 0.15891 0.15891 0.15891 0.15891 0.15891 0.15891 0.15891 0.15891 0.15891 0.15891 0.15891 0.15891 0.15891 0.15891 0.15891 0.15891 0.15891 0.15891 0.15891 0.15891 0.15891 0.15891 0.15891 0.15891
 7631.24 6149.26 3712.12 6820.19 3346.22 2479.78 2594.79 4180.27 2778.35 2310.1 737.146 327.246 140.548 65.3326 25.289 10.6862 5.49152 2.95352 0.515824 0.166676 0.0716832 0.0248637 0.0125078 0.00204489 0.00096975 0.000397345 0.000136096 3.99804e-05 9.04375e-06 1.68982e-06 6.96928e-07 2.47437e-07 4.9689e-08 5.68206e-09 1.01086e-09 2.37977e-10 4.51375e-11 7.513e-12 2.85653e-12 1.21182e-12 3.98343e-13
# Age-structure at Ydeclare= 2013
 5100.93 9518.29 4749.24 3628.63 4059.53 7298.05 5570.46 5396.65 2055.42 1156.07 678.786 452.998 255.446 155.781 112.612 84.1222 20.371 9.0108 5.14346 2.27405 1.43865 0.30184 0.185154 0.0965829 0.0417855 0.0156899 0.00461578 0.00115612 0.000671029 0.000355664 0.000112779 2.09596e-05 5.90051e-06 2.03835e-06 5.22323e-07 1.08796e-07 4.83414e-08 2.30101e-08 6.08984e-09 1.65046e-09 8.72976e-10
 5100.93 9371.96 4604.48 3465.18 3822.04 6749.83 4983.02 4550.72 1562.31 731.499 326.242 155.733 61.4283 26.3107 13.6543 7.397 1.29891 0.421481 0.181858 0.0632348 0.0318708 0.00521809 0.00247735 0.00101594 0.000348207 0.000102344 2.31599e-05 4.32878e-06 1.78573e-06 6.34124e-07 1.2736e-07 1.45656e-08 2.59151e-09 6.10134e-10 1.15731e-10 1.92639e-11 7.32461e-12 3.10737e-12 7.47514e-13 1.86524e-13 8.74282e-14
# Year for Tmin Age-structure (set to Ydecl by SS)
2013
#  recruitment and biomass
# Number of historical assessment years
148
# Historical data
# year recruitment spawner in B0 in R project in R/S project
1875  1876 1877 1878 1879 1880 1881 1882 1883 1884 1885 1886 1887 1888 1889 1890 1891 1892 1893 1894 1895 1896 1897 1898 1899 1900 1901 1902 1903 1904 1905 1906 1907 1908 1909 1910 1911 1912 1913 1914 1915 1916 1917 1918 1919 1920 1921 1922 1923 1924 1925 1926 1927 1928 1929 1930 1931 1932 1933 1934 1935 1936 1937 1938 1939 1940 1941 1942 1943 1944 1945 1946 1947 1948 1949 1950 1951 1952 1953 1954 1955 1956 1957 1958 1959 1960 1961 1962 1963 1964 1965 1966 1967 1968 1969 1970 1971 1972 1973 1974 1975 1976 1977 1978 1979 1980 1981 1982 1983 1984 1985 1986 1987 1988 1989 1990 1991 1992 1993 1994 1995 1996 1997 1998 1999 2000 2001 2002 2003 2004 2005 2006 2007 2008 2009 2010 2011 2012 2013 2014 2015 2016 2017 2018 2019 2020 2021 2022 #years (with first value representing R0)
15878.6 15883.5 15883.5 15883.6 15883.6 15883.7 15883.5 15883.2 15882.6 15881.8 15880.8 15879.7 15878.5 15877.1 15875.6 15874.1 15872.4 15870.7 15868.9 15867.1 15865.3 15863.5 15861.6 15859.8 15858 15856.2 15854.5 15852.9 15851.4 15849.9 15848.6 15847.4 15846.4 15845.6 15845.1 15844.8 15844.7 15845 15845.7 15846.8 15848.4 15850.5 15853.2 15853 15856.7 15864.2 15875.8 15886.8 15895.3 15905.5 15914.5 15926 15940.6 15955.6 15976 16000.1 16033.6 16077.5 16133.8 16201.9 16241.6 16233.8 16141 15868.6 15352.8 14579.4 13693 12937.1 12568.9 12822.5 13452.5 13533.7 13208 12942 12801.5 12938.5 13037.2 12854.9 12490.7 12234.6 11765.7 11159.6 11084.9 12445.2 16941.8 20798.8 14428.9 12073.4 13178.8 12712.1 40453.9 21136.7 9225.45 7280.21 7419.27 8829.21 10135.9 8911.26 8328.78 9707.45 12081.1 14649.6 9457.68 6306.71 8755.66 9792.08 8154.63 8479.45 13852.2 13866.1 8779.18 5375.65 8038.33 10707 11603.4 11252.1 9277.23 6652.2 14252 10323.7 10861.7 8970.97 9729.32 19771.7 13489.2 9946.31 9186.63 9801.45 9523.78 11366.7 15206.5 31798.4 27188.8 30220.5 14447.2 11163.5 12654.3 21972.2 10201.9 14416.7 15262.5 9728.38 8599.36 8552.77 11431.7 13281.5 14363.3 14630.3  #recruits; first value is R0 (virgin)
22.6841  22.6843 22.6837 22.6832 22.6828 22.6824 22.6762 22.6648 22.6483 22.6272 22.6017 22.5723 22.5392 22.503 22.4637 22.4219 22.3777 22.3313 22.2831 22.2332 22.1818 22.1291 22.0751 22.02 21.964 21.9072 21.8497 21.7915 21.7327 21.6734 21.6137 21.5535 21.493 21.4323 21.3712 21.31 21.2485 21.187 21.1253 21.0635 21.0017 20.9399 20.8808 20.7513 20.6864 20.6773 20.7283 20.7459 20.6937 20.6436 20.5399 20.4449 20.3608 20.2244 20.1049 19.9488 19.8312 19.7373 19.6803 19.6995 19.3492 19.1283 19.1211 18.925 18.6873 18.2725 18.0278 17.9034 17.3456 16.7406 16.4982 16.2842 15.3766 14.7009 12.9707 11.8557 10.635 10.0831 9.66219 9.39195 8.85732 8.47669 8.34923 7.87854 7.57666 7.48455 7.26833 6.846 6.38146 5.99701 6.0543 6.3004 6.50354 6.69045 6.86806 7.21438 7.72627 8.22128 8.38616 8.09265 7.13988 6.04076 5.20488 4.6024 3.65289 2.81639 2.40559 2.28515 1.93253 1.748 1.67804 1.58461 1.5387 1.39943 1.40394 1.44978 1.5039 1.35807 1.3193 1.40967 1.65656 1.8486 1.92501 1.91088 2.11923 2.37412 2.47753 2.56091 2.70781 2.91851 3.23922 3.18675 3.00645 2.85962 2.71024 2.82571 3.68835 5.06332 6.81073 8.30845 9.46397 10.0854 10.3562 10.3366 10.182 10.0304 10.0184 9.49104 #spbio; first value is SSB_virgin (virgin)
1 0 0 0 0 0 0 0 0 0 0 0 0 0 0 0 0 0 0 0 0 0 0 0 0 0 0 0 0 0 0 0 0 0 0 0 0 0 0 0 0 0 0 0 0 0 0 0 0 0 0 0 0 0 0 0 0 0 0 0 0 0 0 0 0 0 0 0 0 0 0 0 0 0 0 0 0 0 0 0 0 0 0 0 0 0 0 0 0 0 0 0 0 0 0 0 0 0 0 0 0 0 0 0 0 0 0 0 0 0 0 0 0 0 0 0 0 0 0 0 0 0 0 0 0 0 0 0 0 0 0 0 0 0 0 0 0 0 0 0 0 0 0 0 0 0 0 0  # in Bzero
0 1 1 1 1 1 1 1 1 1 1 1 1 1 1 1 1 1 1 1 1 1 1 1 1 1 1 1 1 1 1 1 1 1 1 1 1 1 1 1 1 1 1 1 1 1 1 1 1 1 1 1 1 1 1 1 1 1 1 1 1 1 1 1 1 1 1 1 1 1 1 1 1 1 1 1 1 1 1 1 1 1 1 1 1 1 1 1 1 1 1 1 1 1 1 1 1 1 1 1 1 1 1 1 1 1 1 1 1 1 1 1 1 1 1 1 1 1 1 1 1 1 1 1 1 1 1 1 1 1 1 1 1 1 1 1 1 1 1 1 1 1 1 1 1  0 0 0 # in R project
0 1 1 1 1 1 1 1 1 1 1 1 1 1 1 1 1 1 1 1 1 1 1 1 1 1 1 1 1 1 1 1 1 1 1 1 1 1 1 1 1 1 1 1 1 1 1 1 1 1 1 1 1 1 1 1 1 1 1 1 1 1 1 1 1 1 1 1 1 1 1 1 1 1 1 1 1 1 1 1 1 1 1 1 1 1 1 1 1 1 1 1 1 1 1 1 1 1 1 1 1 1 1 1 1 1 1 1 1 1 1 1 1 1 1 1 1 1 1 1 1 1 1 1 1 1 1 1 1 1 1 1 1 1 1 1 1 1 1 1 1 1 1 1 1  0 0 0 # in R/S project
# Number of years with pre-specified catches
0
# catches for years with pre-specified catches go next
# Number of future recruitments to override
2
# Process for overiding (-1 for average otherwise index in data list)
2014 1 2014
2015 1 2015
# Which probability to product detailed results for (1=0.5; 2=0.6; etc.)
3
# Steepness sigma-R Auto-correlation
0.8 0.5 0
# Target SPR rate (FMSY Proxy); manually change to SPR_MSY if not using SPR_target
0.3
# Discount rate (for cumulative catch)
0.1
# Truncate the series when 0.4B0 is reached (1=Yes)
0
# Set F to FMSY once 0.4B0 is reached (1=Yes)
0
# Maximum possible F for projection (-1 to set to FMSY)
-1
# Defintion of recovery (1=now only;2=now or before)
2
# Projection type
4
# Definition of the 40-10 rule
10 40
# Sigma Assessment Error (Base, Year1, Slope, MaxSigma)
1.0 2023 0.075 2.0
# Pstar
0.45
# Constrain catches by the ABC (1=yes, 2=no)
2
# Implementation Error (0=no; 1=lognormal; 2=uniform)
0
#Parameters of Implementaion Error
1 0.3
# Calculate coefficients of variation (1=Yes)
0
# Number of replicates to use
10
# Random number seed
-99004
# File with multiple parameter vectors 
rebuild.SSO
# User-specific projection (1=Yes); Output replaced (1->9)
0  5
# Catches and Fs (Year; 1/2/3 (F or C or SPR); value); Final row is -1
2022 1 1
-1 -1 -1
# Fixed catch project (1=Yes); Output replaced (1->9); Approach (-1=Read in else 1-9)
0 2 -1
# (48a) Special catch options (1-Yes) [CUT_OFF, Emsy, distribution, MAXCAT, Add, replace_code]
0 0.18 1.00 1.00 0 6
# (48b) B1Target
150000
# Split of Fs
2015  0.44562
 0.55438
-1  1 1 1 1
# Yrs to define T_target for projection type 4 (a.k.a. 5 pre-specified inputs)
2028 2029 2030 2031 2032 
# Year for probability of recovery
2032 2033 2034 2035 2036 2037 2038 2039
# Time varying weight-at-age (1=Yes;0=No)
0
# File with time series of weight-at-age data
none
# Use bisection (0) or linear interpolation (1)
1
# Target Depletion
0.4
# CV of implementation error
0
