#Title, #runnumber: 6 petrale_data.ss petrale_control.ss 1366.63 17.5871 5.28478 StartTime: Thu Oct 23 16:37:33 2025
SSv3_default_rebuild.dat
# Number of sexes
2
# Age range to consider (minimum age; maximum age)
0 40
# Number of fleets
2
# First year of projection (Yinit)
2015
# First Year of rebuilding period (Ydecl)
2013
# Number of simulations
1000
# Maximum number of years
500
# Conduct projections with multiple starting values (0=No;else yes)
0
# Number of parameter vectors
1000
# Is the maximum age a plus-group (1=Yes;2=No)
1
# Generate future recruitments using historical recruitments (1)  historical recruits/spawner (2)  or a stock-recruitment (3)
3
# Constant fishing mortality (1) or constant Catch (2) projections
1
# Fishing mortality based on SPR (1) or actual rate (2)
1
# Pre-specify the year of recovery (or -1) to ignore
-1
# Fecundity-at-age
# 0 1 2 3 4 5 6 7 8 9 10 11 12 13 14 15 16 17 18 19 20 21 22 23 24 25 26 27 28 29 30 31 32 33 34 35 36 37 38 39 40 #runnumber: 6 petrale_data.ss petrale_control.ss 1366.63 17.5871 5.28478
 0 0 0 7.9233e-08 4.94395e-06 6.01329e-05 0.000215294 0.000422532 0.000630494 0.000821571 0.00099201 0.0011415 0.0012708 0.00138124 0.00147456 0.0015527 0.00161764 0.00167129 0.00171408 0.00174908 0.00177762 0.00180084 0.00181969 0.00183497 0.00184733 0.00185733 0.00186541 0.00187193 0.00187719 0.00188144 0.00188486 0.00188762 0.00188984 0.00189163 0.00189307 0.00189423 0.00189517 0.00189592 0.00189653 0.00189702 0.00189759 #female fecundity; weighted by N in year Y_init across morphs and areas
# Age specific selectivity and weight adjusted for discard and discard mortality
 #wt and selex for gender,fleet: 1 1 North
 0.000249688 0.00626368 0.0574183 0.17041 0.332893 0.520782 0.712894 0.895126 1.05986 1.20409 1.32768 1.43203 1.51922 1.59155 1.6512 1.70017 1.74024 1.77174 1.79636 1.81638 1.83263 1.8458 1.85646 1.86509 1.87205 1.87768 1.88221 1.88587 1.88882 1.8912 1.89312 1.89466 1.89591 1.89691 1.89772 1.89837 1.89889 1.89931 1.89965 1.89992 1.90025
 0 7.94722e-06 0.000175103 0.00264493 0.0158414 0.0517597 0.114058 0.194469 0.280208 0.361122 0.431839 0.490801 0.538617 0.576803 0.607068 0.630984 0.649878 0.664956 0.677064 0.686714 0.694415 0.700568 0.70549 0.709432 0.712591 0.715125 0.717159 0.718793 0.720105 0.72116 0.722008 0.72269 0.723239 0.72368 0.724035 0.724321 0.724551 0.724736 0.724885 0.725005 0.725146
 #wt and selex for gender,fleet: 1 2 South
 0.000249688 0.00626375 0.0609928 0.17823 0.340922 0.521905 0.700282 0.864301 1.00973 1.13666 1.24655 1.34093 1.4213 1.48911 1.54587 1.59303 1.63199 1.66324 1.68816 1.70852 1.7251 1.73858 1.74952 1.75838 1.76554 1.77134 1.77601 1.77979 1.78284 1.78529 1.78727 1.78887 1.79016 1.79119 1.79203 1.7927 1.79324 1.79367 1.79403 1.79431 1.79464
 0 4.60536e-06 0.000201695 0.00508857 0.037192 0.125663 0.264552 0.417284 0.552139 0.656925 0.733129 0.787069 0.825084 0.852084 0.871513 0.885703 0.89622 0.904489 0.911108 0.916197 0.920141 0.923218 0.925633 0.927536 0.929043 0.930239 0.931191 0.93195 0.932557 0.933043 0.933432 0.933745 0.933995 0.934196 0.934358 0.934488 0.934592 0.934676 0.934744 0.934798 0.934862
 #wt and selex for gender,fleet: 2 1 North
 0.000313006 0.00665988 0.0677332 0.16828 0.281731 0.387421 0.477266 0.550864 0.610872 0.659896 0.699805 0.732023 0.757778 0.778181 0.794218 0.806746 0.816484 0.823843 0.829371 0.833633 0.836914 0.839435 0.84137 0.842855 0.843992 0.844863 0.845531 0.846041 0.846432 0.846731 0.84696 0.847135 0.847269 0.847372 0.84745 0.84751 0.847556 0.847591 0.847618 0.847638 0.847659
 0 2.34471e-09 5.50189e-07 0.000407737 0.0135731 0.0874507 0.237579 0.408928 0.552881 0.657423 0.729115 0.777652 0.810755 0.833675 0.849811 0.861351 0.869718 0.876082 0.880996 0.884664 0.887415 0.889489 0.891057 0.892246 0.893149 0.893836 0.894359 0.894758 0.895062 0.895294 0.895472 0.895608 0.895711 0.89579 0.895851 0.895897 0.895932 0.895959 0.89598 0.895996 0.896012
 #wt and selex for gender,fleet: 2 2 South
 0.000313006 0.00665984 0.0822878 0.183143 0.27815 0.357046 0.427233 0.493541 0.554405 0.607556 0.652152 0.688556 0.717725 0.740801 0.758895 0.772992 0.783924 0.792283 0.79865 0.80355 0.807317 0.810207 0.812424 0.814124 0.815425 0.816422 0.817185 0.817768 0.818215 0.818557 0.818818 0.819018 0.819171 0.819288 0.819378 0.819446 0.819499 0.819539 0.819569 0.819593 0.819617
 0 2.63473e-09 1.44402e-07 0.00123355 0.0630119 0.323382 0.620876 0.804138 0.894859 0.938458 0.960372 0.972145 0.978906 0.983023 0.985656 0.987408 0.988611 0.989537 0.990266 0.990793 0.991179 0.991464 0.991677 0.991837 0.991957 0.992048 0.992117 0.99217 0.99221 0.99224 0.992263 0.992281 0.992294 0.992305 0.992312 0.992318 0.992323 0.992327 0.992329 0.992331 0.992333
# Sex ratio correction
1
# M and current age-structure in year Yinit: 2015
 # gender = 1
 0.174541 0.174541 0.174541 0.174541 0.174541 0.174541 0.174541 0.174541 0.174541 0.174541 0.174541 0.174541 0.174541 0.174541 0.174541 0.174541 0.174541 0.174541 0.174541 0.174541 0.174541 0.174541 0.174541 0.174541 0.174541 0.174541 0.174541 0.174541 0.174541 0.174541 0.174541 0.174541 0.174541 0.174541 0.174541 0.174541 0.174541 0.174541 0.174541 0.174541 0.174541
 5535.53 4152.94 4491.38 4650.63 4199.3 1036.37 2626.25 6268.82 958.151 3890.01 110.907 113.784 260.963 35.8607 40.8778 28.6221 5.99837 3.39288 0.644443 0.171243 0.0807325 0.0288038 0.0113504 0.00214776 0.00106103 0.000459465 0.000145345 4.66241e-05 1.09921e-05 2.4264e-06 1.4727e-06 5.93315e-07 1.44748e-07 2.86897e-08 7.32052e-09 2.34576e-09 6.51805e-10 1.3444e-10 7.36349e-11 3.60253e-11 1.45989e-11
 # gender = 2
 0.179016 0.179016 0.179016 0.179016 0.179016 0.179016 0.179016 0.179016 0.179016 0.179016 0.179016 0.179016 0.179016 0.179016 0.179016 0.179016 0.179016 0.179016 0.179016 0.179016 0.179016 0.179016 0.179016 0.179016 0.179016 0.179016 0.179016 0.179016 0.179016 0.179016 0.179016 0.179016 0.179016 0.179016 0.179016 0.179016 0.179016 0.179016 0.179016 0.179016 0.179016
 5535.53 4134.39 4451.42 4589.66 4133.51 1014.27 2490.73 5563.71 779.103 2866.75 71.8542 59.7773 101.434 9.97235 8.24235 4.25655 0.674467 0.287784 0.0406149 0.008247 0.00316846 0.000991273 0.00035275 5.89725e-05 2.57477e-05 1.011e-05 2.91899e-06 8.32783e-07 1.71028e-07 3.22462e-08 1.62786e-08 5.26378e-09 9.96845e-10 1.52828e-10 3.15007e-11 8.90468e-12 2.35908e-12 4.87978e-13 2.80688e-13 1.46174e-13 6.28886e-14
# Age-structure at Ydeclare= 2013
 6367.81 6595.01 5969.39 1490.89 3901.29 9850.43 1618.9 7094.95 217.112 236.623 570.127 81.4766 95.7758 68.6901 14.6675 8.41863 1.61757 0.433801 0.206025 0.073936 0.0292708 0.00555924 0.0027545 0.00119562 0.000378932 0.000121739 2.87362e-05 6.34941e-06 3.85679e-06 1.55479e-06 3.79505e-07 7.52502e-08 1.92073e-08 6.15631e-09 1.71099e-09 3.52965e-10 1.93351e-10 9.46061e-11 2.57551e-11 7.62926e-12 4.95851e-12
 6367.81 6565.56 5916.28 1471.3 3839.3 9654.86 1551.95 6429.86 175.785 155.127 273.745 27.6251 23.2404 12.1495 1.94178 0.833645 0.118187 0.0240818 0.00927665 0.002908 0.00103637 0.000173453 7.57946e-05 2.97803e-05 8.60243e-06 2.45517e-06 5.0436e-07 9.51139e-08 4.80237e-08 1.55307e-08 2.94145e-09 4.5099e-10 9.29631e-11 2.62801e-11 6.9625e-12 1.44024e-12 8.28449e-13 4.31437e-13 1.23082e-13 3.75749e-14 2.49644e-14
# Year for Tmin Age-structure (set to Ydecl by SS)
2013
#  recruitment and biomass
# Number of historical assessment years
148
# Historical data
# year recruitment spawner in B0 in R project in R/S project
1875  1876 1877 1878 1879 1880 1881 1882 1883 1884 1885 1886 1887 1888 1889 1890 1891 1892 1893 1894 1895 1896 1897 1898 1899 1900 1901 1902 1903 1904 1905 1906 1907 1908 1909 1910 1911 1912 1913 1914 1915 1916 1917 1918 1919 1920 1921 1922 1923 1924 1925 1926 1927 1928 1929 1930 1931 1932 1933 1934 1935 1936 1937 1938 1939 1940 1941 1942 1943 1944 1945 1946 1947 1948 1949 1950 1951 1952 1953 1954 1955 1956 1957 1958 1959 1960 1961 1962 1963 1964 1965 1966 1967 1968 1969 1970 1971 1972 1973 1974 1975 1976 1977 1978 1979 1980 1981 1982 1983 1984 1985 1986 1987 1988 1989 1990 1991 1992 1993 1994 1995 1996 1997 1998 1999 2000 2001 2002 2003 2004 2005 2006 2007 2008 2009 2010 2011 2012 2013 2014 2015 2016 2017 2018 2019 2020 2021 2022 #years (with first value representing R0)
16684.8 16691.3 16691.4 16691.4 16691.5 16691.6 16691.4 16690.9 16690.2 16689.2 16688 16686.7 16685.2 16683.6 16681.9 16680.1 16678.2 16676.4 16674.5 16672.6 16670.8 16669 16667.3 16665.7 16664.3 16663 16661.9 16661 16660.4 16660.1 16660.2 16660.7 16661.7 16663.3 16665.5 16668.4 16672.2 16676.9 16682.8 16690 16698.5 16708.5 16720.4 16729.3 16745 16767.3 16796.7 16826.9 16855.6 16888.6 16922.2 16961.5 17007.4 17055.9 17114.1 17180.4 17264 17368.8 17503.5 17679.7 17858.8 18045.3 18203.6 18182.4 17811 16932.3 15694.5 14532.6 13964.6 14447.8 15502.7 15505.2 14958.2 14457.6 14147.4 14416.1 14876.2 14984.2 14676.8 14673.1 14107.8 12710.5 11707.7 12332.8 16400 22863.8 16373.3 13739 16639.5 13520.6 40789.6 42500.8 11402.4 8807.89 8973.88 11014.2 13863.7 11235.3 9765.99 11147.3 13784.9 17644.5 11964.5 6909.5 10135.1 10607.7 9317.82 10067.7 13991 16134.5 11713.1 5888.73 8452.48 11738 12325.2 13387.1 10709.8 7529.48 13850.8 12196.2 11697.1 8351.29 10537.2 18929 11872.8 21234.4 12162.9 4655.26 16390.6 3885.86 2312.03 54508 9665.54 47772.6 15720.1 5034.66 16926.6 15705.4 12735.6 9889.8 11071.1 26671.2 4364.6 3392.82 11549.1 15201.6 14863.9 14907.7  #recruits; first value is R0 (virgin)
17.5871  17.5873 17.5867 17.5863 17.5858 17.5854 17.5795 17.5684 17.5526 17.5325 17.5086 17.4811 17.4507 17.4175 17.382 17.3444 17.3051 17.2641 17.2218 17.1783 17.1338 17.0883 17.042 16.995 16.9474 16.8994 16.8509 16.8021 16.7529 16.7035 16.6539 16.6042 16.5543 16.5043 16.4543 16.4042 16.3542 16.3043 16.2545 16.2049 16.1555 16.1063 16.0601 15.9449 15.8945 15.8998 15.964 15.9942 15.9543 15.9163 15.826 15.746 15.6786 15.562 15.4649 15.3347 15.2455 15.1823 15.1575 15.2093 14.8982 14.7192 14.7549 14.6075 14.4261 14.0756 13.9022 13.8604 13.3958 12.9102 12.808 12.7333 11.9569 11.3957 9.779 8.79227 7.72169 7.32827 7.06965 6.94743 6.54653 6.28105 6.26429 5.92161 5.75343 5.79697 5.70813 5.3829 4.9523 4.54453 4.57169 4.82539 5.04492 5.25085 5.44447 5.82112 6.60555 7.59749 8.15231 8.00142 7.05157 5.94197 5.14201 4.58067 3.65164 2.82713 2.44564 2.37926 2.04459 1.83527 1.74186 1.62128 1.54472 1.35683 1.32538 1.36638 1.4183 1.22908 1.14274 1.19687 1.4246 1.60479 1.64615 1.55987 1.70667 1.90859 1.93013 1.88547 1.89256 1.97046 2.24346 2.32384 2.26221 2.10865 1.87046 1.64699 2.19583 3.50304 5.20317 6.75878 7.84046 8.17232 8.07426 7.65971 7.1149 6.57851 6.37929 5.9491 #SSBio; first value is SSB_virgin (virgin)
1 0 0 0 0 0 0 0 0 0 0 0 0 0 0 0 0 0 0 0 0 0 0 0 0 0 0 0 0 0 0 0 0 0 0 0 0 0 0 0 0 0 0 0 0 0 0 0 0 0 0 0 0 0 0 0 0 0 0 0 0 0 0 0 0 0 0 0 0 0 0 0 0 0 0 0 0 0 0 0 0 0 0 0 0 0 0 0 0 0 0 0 0 0 0 0 0 0 0 0 0 0 0 0 0 0 0 0 0 0 0 0 0 0 0 0 0 0 0 0 0 0 0 0 0 0 0 0 0 0 0 0 0 0 0 0 0 0 0 0 0 0 0 0 0 0 0 0  # in Bzero
0 1 1 1 1 1 1 1 1 1 1 1 1 1 1 1 1 1 1 1 1 1 1 1 1 1 1 1 1 1 1 1 1 1 1 1 1 1 1 1 1 1 1 1 1 1 1 1 1 1 1 1 1 1 1 1 1 1 1 1 1 1 1 1 1 1 1 1 1 1 1 1 1 1 1 1 1 1 1 1 1 1 1 1 1 1 1 1 1 1 1 1 1 1 1 1 1 1 1 1 1 1 1 1 1 1 1 1 1 1 1 1 1 1 1 1 1 1 1 1 1 1 1 1 1 1 1 1 1 1 1 1 1 1 1 1 1 1 1 1 1 1 1 1 1  0 0 0 # in R project
0 1 1 1 1 1 1 1 1 1 1 1 1 1 1 1 1 1 1 1 1 1 1 1 1 1 1 1 1 1 1 1 1 1 1 1 1 1 1 1 1 1 1 1 1 1 1 1 1 1 1 1 1 1 1 1 1 1 1 1 1 1 1 1 1 1 1 1 1 1 1 1 1 1 1 1 1 1 1 1 1 1 1 1 1 1 1 1 1 1 1 1 1 1 1 1 1 1 1 1 1 1 1 1 1 1 1 1 1 1 1 1 1 1 1 1 1 1 1 1 1 1 1 1 1 1 1 1 1 1 1 1 1 1 1 1 1 1 1 1 1 1 1 1 1  0 0 0 # in R/S project
# Number of years with pre-specified catches
0
# catches for years with pre-specified catches go next
# Number of future recruitments to override
2
# Process for overiding (-1 for average otherwise index in data list)
2014 1 2014
2015 1 2015
# Which probability to product detailed results for (1=0.5; 2=0.6; etc.)
3
# Steepness sigma-R Auto-correlation
0.8 0.5 0
# Target SPR rate (FMSY Proxy); manually change to SPR_MSY if not using SPR_target
0.3
# Discount rate (for cumulative catch)
0.1
# Truncate the series when 0.4B0 is reached (1=Yes)
0
# Set F to FMSY once 0.4B0 is reached (1=Yes)
0
# Maximum possible F for projection (-1 to set to FMSY)
-1
# Defintion of recovery (1=now only;2=now or before)
2
# Projection type
4
# Definition of the 40-10 rule
10 40
# Sigma Assessment Error (Base, Year1, Slope, MaxSigma)
1.0 2023 0.075 2.0
# Pstar
0.45
# Constrain catches by the ABC (1=yes, 2=no)
2
# Implementation Error (0=no; 1=lognormal; 2=uniform)
0
#Parameters of Implementaion Error
1 0.3
# Calculate coefficients of variation (1=Yes)
0
# Number of replicates to use
10
# Random number seed
-99004
# File with multiple parameter vectors 
rebuild.SSO
# User-specific projection (1=Yes); Output replaced (1->9)
0  5
# Catches and Fs (Year; 1/2/3 (F or C or SPR); value); Final row is -1
2022 1 1
-1 -1 -1
# Fixed catch project (1=Yes); Output replaced (1->9); Approach (-1=Read in else 1-9)
0 2 -1
# (48a) Special catch options (1-Yes) [CUT_OFF, Emsy, distribution, MAXCAT, Add, replace_code]
0 0.18 1.00 1.00 0 6
# (48b) B1Target
150000
# Split of Fs
2015  0.44562
 0.55438
-1  1 1 1 1
# Yrs to define T_target for projection type 4 (a.k.a. 5 pre-specified inputs)
2028 2029 2030 2031 2032 
# Year for probability of recovery
2032 2033 2034 2035 2036 2037 2038 2039
# Time varying weight-at-age (1=Yes;0=No)
0
# File with time series of weight-at-age data
none
# Use bisection (0) or linear interpolation (1)
1
# Target Depletion
0.4
# CV of implementation error
0
