#Title, #runnumber: 3 petrale_data.ss petrale_control.ss 790.174 17.641 7.18307 StartTime: Wed Jun 18 19:57:22 2025
SSv3_default_rebuild.dat
# Number of sexes
2
# Age range to consider (minimum age; maximum age)
0 40
# Number of fleets
2
# First year of projection (Yinit)
2015
# First Year of rebuilding period (Ydecl)
2013
# Number of simulations
1000
# Maximum number of years
500
# Conduct projections with multiple starting values (0=No;else yes)
0
# Number of parameter vectors
1000
# Is the maximum age a plus-group (1=Yes;2=No)
1
# Generate future recruitments using historical recruitments (1)  historical recruits/spawner (2)  or a stock-recruitment (3)
3
# Constant fishing mortality (1) or constant Catch (2) projections
1
# Fishing mortality based on SPR (1) or actual rate (2)
1
# Pre-specify the year of recovery (or -1) to ignore
-1
# Fecundity-at-age
# 0 1 2 3 4 5 6 7 8 9 10 11 12 13 14 15 16 17 18 19 20 21 22 23 24 25 26 27 28 29 30 31 32 33 34 35 36 37 38 39 40 #runnumber: 3 petrale_data.ss petrale_control.ss 790.174 17.641 7.18307
 0 0 0 2.44206e-07 7.12431e-06 5.49801e-05 0.000170833 0.00032828 0.000493494 0.000649692 0.000791132 0.000916458 0.00102593 0.00112048 0.00120139 0.00127008 0.00132802 0.00137661 0.0014159 0.00144855 0.0014756 0.00149796 0.00151641 0.0015316 0.00154409 0.00155435 0.00156278 0.00156969 0.00157535 0.00157999 0.00158379 0.0015869 0.00158945 0.00159154 0.00159324 0.00159464 0.00159578 0.00159671 0.00159747 0.0015981 0.00159886 #female fecundity; weighted by N in year Y_init across morphs and areas
# Age specific selectivity and weight adjusted for discard and discard mortality
 #wt and selex for gender,fleet: 1 1 North
 0.00124835 0.0182961 0.0819917 0.19276 0.338457 0.501928 0.668535 0.828136 0.974766 1.10561 1.21996 1.31838 1.40213 1.47279 1.53202 1.58142 1.62245 1.65466 1.67968 1.70033 1.71735 1.73136 1.74287 1.75233 1.76008 1.76644 1.77165 1.77592 1.77941 1.78227 1.78461 1.78653 1.78809 1.78937 1.79042 1.79128 1.79198 1.79255 1.79302 1.79341 1.79388
 0 4.29395e-05 0.00050699 0.00308652 0.0111186 0.0278003 0.0539016 0.0874513 0.125085 0.163502 0.200235 0.233793 0.263493 0.289198 0.311099 0.329552 0.344978 0.35764 0.367996 0.376561 0.383627 0.389445 0.394227 0.398155 0.401377 0.404019 0.406184 0.407956 0.409408 0.410596 0.411568 0.412364 0.413014 0.413547 0.413982 0.414338 0.414629 0.414867 0.415061 0.415221 0.415416
 #wt and selex for gender,fleet: 1 2 South
 0.00124835 0.0202898 0.0913688 0.209506 0.357761 0.516373 0.671034 0.813535 0.940372 1.05105 1.14654 1.22835 1.29804 1.35708 1.40685 1.44861 1.48352 1.51153 1.53385 1.55236 1.56768 1.58032 1.59074 1.59932 1.60637 1.61215 1.6169 1.62079 1.62398 1.6266 1.62874 1.63049 1.63192 1.63309 1.63405 1.63484 1.63548 1.63601 1.63644 1.63679 1.63722
 0 2.04006e-05 0.000635117 0.00662638 0.0310638 0.086255 0.170275 0.269009 0.367134 0.454823 0.528249 0.587463 0.63428 0.670975 0.699678 0.722166 0.739847 0.754109 0.765734 0.775036 0.782501 0.788509 0.793356 0.797274 0.800447 0.803022 0.805113 0.806813 0.808198 0.809325 0.810244 0.810993 0.811605 0.812104 0.812511 0.812844 0.813116 0.813338 0.813519 0.813667 0.81385
 #wt and selex for gender,fleet: 2 1 North
 0.00144369 0.0253822 0.09493 0.189439 0.290246 0.384418 0.466226 0.534368 0.58975 0.634129 0.669388 0.697235 0.719126 0.736267 0.749644 0.760054 0.768136 0.774202 0.778728 0.782229 0.784934 0.787022 0.788632 0.789874 0.790831 0.791568 0.792136 0.792573 0.792909 0.793168 0.793368 0.793521 0.793639 0.79373 0.7938 0.793854 0.793895 0.793927 0.793952 0.793971 0.793991
 0 5.02513e-08 2.72593e-05 0.00122601 0.0119 0.0474088 0.111924 0.193242 0.275685 0.349249 0.410249 0.458802 0.496605 0.525712 0.548007 0.565051 0.578078 0.588072 0.595763 0.601665 0.606196 0.609676 0.612349 0.614404 0.615984 0.617199 0.618133 0.618851 0.619404 0.619829 0.620156 0.620408 0.620601 0.62075 0.620865 0.620953 0.621021 0.621073 0.621113 0.621144 0.621177
 #wt and selex for gender,fleet: 2 2 South
 0.00144369 0.0320628 0.108328 0.198406 0.283855 0.357207 0.419655 0.474143 0.521801 0.562705 0.596982 0.62511 0.647818 0.665931 0.680247 0.691489 0.700273 0.707019 0.712178 0.716178 0.719273 0.721665 0.723511 0.724936 0.726034 0.726881 0.727533 0.728035 0.728422 0.72872 0.728949 0.729125 0.729261 0.729366 0.729446 0.729508 0.729556 0.729592 0.729621 0.729642 0.729665
 0 1.29855e-08 6.9594e-05 0.00712628 0.0760345 0.253865 0.467846 0.639537 0.753817 0.825011 0.869081 0.896903 0.914979 0.927074 0.935387 0.941233 0.945423 0.948628 0.951121 0.952974 0.954362 0.955409 0.956201 0.956803 0.957261 0.957612 0.95788 0.958085 0.958243 0.958364 0.958456 0.958528 0.958582 0.958625 0.958657 0.958682 0.958701 0.958716 0.958727 0.958736 0.958745
# Sex ratio correction
1
# M and current age-structure in year Yinit: 2015
 # gender = 1
 0.15591 0.15591 0.15591 0.15591 0.15591 0.15591 0.15591 0.15591 0.15591 0.15591 0.15591 0.15591 0.15591 0.15591 0.15591 0.15591 0.15591 0.15591 0.15591 0.15591 0.15591 0.15591 0.15591 0.15591 0.15591 0.15591 0.15591 0.15591 0.15591 0.15591 0.15591 0.15591 0.15591 0.15591 0.15591 0.15591 0.15591 0.15591 0.15591 0.15591 0.15591
 7965.36 7085.91 3857.08 6878.4 3555.49 2650.32 2970.21 4920.86 4364.39 2714.07 1296.67 629.215 348.535 209.202 119.93 59.3743 43.5886 29.6343 6.86986 2.70474 1.40835 0.586216 0.315653 0.0630956 0.0351346 0.0154255 0.00631845 0.00207249 0.000532534 0.000126288 6.39765e-05 2.85807e-05 8.03493e-06 1.28876e-06 3.11524e-07 9.20415e-08 1.98649e-08 3.54634e-09 1.30856e-09 5.34965e-10 1.60853e-10
 # gender = 2
 0.169089 0.169089 0.169089 0.169089 0.169089 0.169089 0.169089 0.169089 0.169089 0.169089 0.169089 0.169089 0.169089 0.169089 0.169089 0.169089 0.169089 0.169089 0.169089 0.169089 0.169089 0.169089 0.169089 0.169089 0.169089 0.169089 0.169089 0.169089 0.169089 0.169089 0.169089 0.169089 0.169089 0.169089 0.169089 0.169089 0.169089 0.169089 0.169089 0.169089 0.169089
 7965.36 6993.14 3756.94 6615.34 3377.57 2467.24 2649.07 4091.42 3312.74 1850.49 769.979 304.684 126.351 53.0095 20.4317 6.71262 3.27972 1.47684 0.22407 0.0577073 0.0200471 0.00574794 0.00215786 0.000296571 0.000113045 3.44544e-05 9.86039e-06 2.24663e-06 3.97475e-07 6.32837e-08 2.04478e-08 5.43481e-09 8.4648e-10 7.16077e-11 9.12555e-12 1.49077e-12 1.90398e-13 2.17264e-14 5.51717e-15 1.64053e-15 3.50824e-16
# Age-structure at Ydeclare= 2013
 5268.7 9400.89 4874.1 3669.84 4204.57 7219.39 6706.98 4391.58 2209.34 1125.1 650.662 405.409 239.901 121.971 91.5459 63.387 14.917 5.94559 3.12716 1.31245 0.7115 0.143012 0.0799985 0.0352535 0.0144842 0.00476273 0.00122629 0.000291296 0.000147769 6.60875e-05 1.85962e-05 2.98495e-06 7.21973e-07 2.13417e-07 4.60794e-08 8.229e-09 3.03724e-09 1.24196e-09 2.82818e-10 6.46223e-11 2.60789e-11
 5268.7 9277.81 4747.51 3529.08 3993.71 6742.07 6066.15 3751.82 1703.91 723.392 316.799 138.538 55.095 18.5327 9.21734 4.20668 0.644808 0.167374 0.0584961 0.0168496 0.00634795 0.000874811 0.000334146 0.000102005 2.92283e-05 6.66577e-06 1.18016e-06 1.88003e-07 6.07722e-08 1.61579e-08 2.51725e-09 2.12988e-10 2.71468e-11 4.43528e-12 5.66514e-13 6.46494e-14 1.64179e-14 4.88204e-15 8.44692e-16 1.5269e-16 4.6671e-17
# Year for Tmin Age-structure (set to Ydecl by SS)
2013
#  recruitment and biomass
# Number of historical assessment years
148
# Historical data
# year recruitment spawner in B0 in R project in R/S project
1875  1876 1877 1878 1879 1880 1881 1882 1883 1884 1885 1886 1887 1888 1889 1890 1891 1892 1893 1894 1895 1896 1897 1898 1899 1900 1901 1902 1903 1904 1905 1906 1907 1908 1909 1910 1911 1912 1913 1914 1915 1916 1917 1918 1919 1920 1921 1922 1923 1924 1925 1926 1927 1928 1929 1930 1931 1932 1933 1934 1935 1936 1937 1938 1939 1940 1941 1942 1943 1944 1945 1946 1947 1948 1949 1950 1951 1952 1953 1954 1955 1956 1957 1958 1959 1960 1961 1962 1963 1964 1965 1966 1967 1968 1969 1970 1971 1972 1973 1974 1975 1976 1977 1978 1979 1980 1981 1982 1983 1984 1985 1986 1987 1988 1989 1990 1991 1992 1993 1994 1995 1996 1997 1998 1999 2000 2001 2002 2003 2004 2005 2006 2007 2008 2009 2010 2011 2012 2013 2014 2015 2016 2017 2018 2019 2020 2021 2022 #years (with first value representing R0)
15736.9 15741.4 15741.3 15741.1 15740.9 15740.7 15740.2 15739.4 15738.3 15736.9 15735.3 15733.5 15731.4 15729.1 15726.7 15724 15721.2 15718.1 15714.9 15711.4 15707.8 15703.9 15699.8 15695.5 15690.9 15686 15680.9 15675.3 15669.5 15663.2 15656.4 15649.2 15641.4 15633 15623.9 15614 15603.3 15591.6 15578.8 15564.9 15549.7 15533.1 15515.2 15491.3 15469.4 15448.7 15429.2 15405 15373.6 15339.4 15298.7 15255.4 15209.7 15157.8 15104.5 15046.8 14990 14934 14879.3 14824.1 14726.7 14581.3 14364.7 14007.7 13483.8 12808.4 12124.7 11619.2 11431.5 11617.3 11874 11685.8 11321.2 11070.4 10942.5 11101.1 11144.8 10876.4 10512.5 10537 10731.9 11001.3 11540.9 12813.2 16533.8 19796.5 14141.2 12171.1 13488.3 11898.9 65956.2 21139.4 9678.53 7590.22 7791.77 9602.25 11136.7 9807.47 9173.04 10627 13242.3 15743.1 9986.96 6783.46 9313.45 10502.2 8723.53 9075.4 14857 14646.9 9681.81 6010.94 8434.12 11463.9 12721.4 11697.1 10317.8 7359.4 14984.9 11572.2 11760.3 9715.47 10848.5 21194.3 14678.1 9883.72 10474.2 10284.6 10430.6 12405.8 18072.1 28254.6 35303.9 31835 15733.4 11722.3 13315.7 21974 10537.4 16562.9 15930.7 9387.76 9584.61 9771.84 10724.7 11641 13775.5 14651  #recruits; first value is R0 (virgin)
17.641  17.6408 17.6403 17.6398 17.6393 17.6389 17.6332 17.6226 17.6076 17.5885 17.5657 17.5397 17.5106 17.479 17.4449 17.4088 17.3709 17.3312 17.2902 17.2478 17.2043 17.1597 17.1141 17.0678 17.0207 16.9729 16.9245 16.8756 16.8262 16.7763 16.7259 16.6751 16.6239 16.5723 16.5203 16.468 16.4152 16.362 16.3084 16.2544 16.1999 16.1449 16.0918 15.9726 15.9141 15.9066 15.9531 15.9651 15.9094 15.8545 15.7486 15.6507 15.5623 15.4241 15.3012 15.143 15.0195 14.9162 14.8445 14.8394 14.4836 14.2493 14.2122 13.9933 13.7285 13.3 13.033 12.8747 12.3299 11.7354 11.459 11.2101 10.3421 9.70514 8.14509 7.1663 6.12136 5.68227 5.35105 5.13754 4.68533 4.36543 4.26212 3.86222 3.60532 3.53702 3.396 3.12268 2.8618 2.70185 2.90363 3.24237 3.52133 3.76749 4.04438 4.71826 5.80529 6.86344 7.45694 7.43109 6.66776 5.68431 4.90326 4.33092 3.43532 2.65732 2.29033 2.19093 1.85894 1.67764 1.6032 1.50441 1.45314 1.32029 1.32506 1.36349 1.4085 1.26886 1.23312 1.32585 1.56385 1.74377 1.81437 1.80341 2.00217 2.24498 2.34374 2.42638 2.57548 2.77207 3.05428 2.97156 2.77343 2.615 2.46992 2.59538 3.40785 4.6873 6.33185 7.71979 8.74258 9.23102 9.36774 9.20887 8.91571 8.65987 8.55234 7.97044 #spbio; first value is SSB_virgin (virgin)
1 0 0 0 0 0 0 0 0 0 0 0 0 0 0 0 0 0 0 0 0 0 0 0 0 0 0 0 0 0 0 0 0 0 0 0 0 0 0 0 0 0 0 0 0 0 0 0 0 0 0 0 0 0 0 0 0 0 0 0 0 0 0 0 0 0 0 0 0 0 0 0 0 0 0 0 0 0 0 0 0 0 0 0 0 0 0 0 0 0 0 0 0 0 0 0 0 0 0 0 0 0 0 0 0 0 0 0 0 0 0 0 0 0 0 0 0 0 0 0 0 0 0 0 0 0 0 0 0 0 0 0 0 0 0 0 0 0 0 0 0 0 0 0 0 0 0 0  # in Bzero
0 1 1 1 1 1 1 1 1 1 1 1 1 1 1 1 1 1 1 1 1 1 1 1 1 1 1 1 1 1 1 1 1 1 1 1 1 1 1 1 1 1 1 1 1 1 1 1 1 1 1 1 1 1 1 1 1 1 1 1 1 1 1 1 1 1 1 1 1 1 1 1 1 1 1 1 1 1 1 1 1 1 1 1 1 1 1 1 1 1 1 1 1 1 1 1 1 1 1 1 1 1 1 1 1 1 1 1 1 1 1 1 1 1 1 1 1 1 1 1 1 1 1 1 1 1 1 1 1 1 1 1 1 1 1 1 1 1 1 1 1 1 1 1 1  0 0 0 # in R project
0 1 1 1 1 1 1 1 1 1 1 1 1 1 1 1 1 1 1 1 1 1 1 1 1 1 1 1 1 1 1 1 1 1 1 1 1 1 1 1 1 1 1 1 1 1 1 1 1 1 1 1 1 1 1 1 1 1 1 1 1 1 1 1 1 1 1 1 1 1 1 1 1 1 1 1 1 1 1 1 1 1 1 1 1 1 1 1 1 1 1 1 1 1 1 1 1 1 1 1 1 1 1 1 1 1 1 1 1 1 1 1 1 1 1 1 1 1 1 1 1 1 1 1 1 1 1 1 1 1 1 1 1 1 1 1 1 1 1 1 1 1 1 1 1  0 0 0 # in R/S project
# Number of years with pre-specified catches
0
# catches for years with pre-specified catches go next
# Number of future recruitments to override
2
# Process for overiding (-1 for average otherwise index in data list)
2014 1 2014
2015 1 2015
# Which probability to product detailed results for (1=0.5; 2=0.6; etc.)
3
# Steepness sigma-R Auto-correlation
0.8 0.5 0
# Target SPR rate (FMSY Proxy); manually change to SPR_MSY if not using SPR_target
0.3
# Discount rate (for cumulative catch)
0.1
# Truncate the series when 0.4B0 is reached (1=Yes)
0
# Set F to FMSY once 0.4B0 is reached (1=Yes)
0
# Maximum possible F for projection (-1 to set to FMSY)
-1
# Defintion of recovery (1=now only;2=now or before)
2
# Projection type
4
# Definition of the 40-10 rule
10 40
# Sigma Assessment Error (Base, Year1, Slope, MaxSigma)
1.0 2023 0.075 2.0
# Pstar
0.45
# Constrain catches by the ABC (1=yes, 2=no)
2
# Implementation Error (0=no; 1=lognormal; 2=uniform)
0
#Parameters of Implementaion Error
1 0.3
# Calculate coefficients of variation (1=Yes)
0
# Number of replicates to use
10
# Random number seed
-99004
# File with multiple parameter vectors 
rebuild.SSO
# User-specific projection (1=Yes); Output replaced (1->9)
0  5
# Catches and Fs (Year; 1/2/3 (F or C or SPR); value); Final row is -1
2022 1 1
-1 -1 -1
# Fixed catch project (1=Yes); Output replaced (1->9); Approach (-1=Read in else 1-9)
0 2 -1
# (48a) Special catch options (1-Yes) [CUT_OFF, Emsy, distribution, MAXCAT, Add, replace_code]
0 0.18 1.00 1.00 0 6
# (48b) B1Target
150000
# Split of Fs
2015  0.44562
 0.55438
-1  1 1 1 1
# Yrs to define T_target for projection type 4 (a.k.a. 5 pre-specified inputs)
2028 2029 2030 2031 2032 
# Year for probability of recovery
2032 2033 2034 2035 2036 2037 2038 2039
# Time varying weight-at-age (1=Yes;0=No)
0
# File with time series of weight-at-age data
none
# Use bisection (0) or linear interpolation (1)
1
# Target Depletion
0.4
# CV of implementation error
0
