#Title, #runnumber: 6 petrale_data.ss petrale_control.ss 817.427 7.70981 7.28095 StartTime: Thu Oct 23 16:44:38 2025
SSv3_default_rebuild.dat
# Number of sexes
2
# Age range to consider (minimum age; maximum age)
0 40
# Number of fleets
2
# First year of projection (Yinit)
2015
# First Year of rebuilding period (Ydecl)
2013
# Number of simulations
1000
# Maximum number of years
500
# Conduct projections with multiple starting values (0=No;else yes)
0
# Number of parameter vectors
1000
# Is the maximum age a plus-group (1=Yes;2=No)
1
# Generate future recruitments using historical recruitments (1)  historical recruits/spawner (2)  or a stock-recruitment (3)
3
# Constant fishing mortality (1) or constant Catch (2) projections
1
# Fishing mortality based on SPR (1) or actual rate (2)
1
# Pre-specify the year of recovery (or -1) to ignore
-1
# Fecundity-at-age
# 0 1 2 3 4 5 6 7 8 9 10 11 12 13 14 15 16 17 18 19 20 21 22 23 24 25 26 27 28 29 30 31 32 33 34 35 36 37 38 39 40 #runnumber: 6 petrale_data.ss petrale_control.ss 817.427 7.70981 7.28095
 0 0 0 2.82954e-07 5.29736e-06 3.43837e-05 0.000106251 0.000214466 0.000340938 0.000471569 0.000598492 0.000717827 0.000827798 0.000927725 0.00101755 0.00109759 0.00116838 0.00123062 0.00128216 0.00132696 0.00136576 0.00139926 0.0014281 0.00145289 0.00147414 0.00149235 0.00150791 0.00152121 0.00153255 0.00154223 0.00155047 0.00155749 0.00156347 0.00156855 0.00157288 0.00157655 0.00157968 0.00158233 0.00158459 0.0015865 0.00158916 #female fecundity; weighted by N in year Y_init across morphs and areas
# Age specific selectivity and weight adjusted for discard and discard mortality
 #wt and selex for gender,fleet: 1 1 North
 0.00249244 0.0353469 0.111336 0.231406 0.383593 0.552419 0.724679 0.891111 1.04613 1.18693 1.3126 1.42338 1.52017 1.60422 1.67687 1.73945 1.79323 1.83461 1.86578 1.89256 1.91552 1.93518 1.95199 1.96635 1.9786 1.98905 1.99795 2.00553 2.01198 2.01747 2.02214 2.02611 2.02948 2.03235 2.03479 2.03686 2.03861 2.04011 2.04137 2.04245 2.04394
 0 1.01277e-07 4.19037e-06 6.74997e-05 0.000519182 0.00232611 0.00705528 0.0161544 0.0301766 0.0485921 0.0701411 0.0933353 0.116829 0.139595 0.160948 0.180502 0.198093 0.213113 0.225804 0.236931 0.246626 0.255035 0.262299 0.268554 0.273928 0.278535 0.282477 0.285847 0.288724 0.291177 0.293268 0.295049 0.296565 0.297855 0.298952 0.299884 0.300677 0.301351 0.301923 0.30241 0.303084
 #wt and selex for gender,fleet: 1 2 South
 0.0024925 0.0446057 0.136905 0.270677 0.424269 0.578873 0.723259 0.85268 0.966658 1.06672 1.15481 1.23256 1.30124 1.36185 1.4152 1.462 1.50291 1.53584 1.562 1.58473 1.60441 1.62141 1.63605 1.64864 1.65943 1.66868 1.67659 1.68335 1.68912 1.69404 1.69823 1.7018 1.70484 1.70743 1.70963 1.7115 1.71309 1.71444 1.71559 1.71656 1.71791
 0 5.73167e-08 8.87087e-06 0.000290765 0.00307082 0.0151101 0.0447199 0.0943566 0.158746 0.229277 0.298511 0.361887 0.417431 0.464843 0.504696 0.537914 0.565492 0.588603 0.608174 0.624602 0.638392 0.649971 0.659701 0.667885 0.674774 0.680578 0.685473 0.689604 0.693093 0.696042 0.698535 0.700645 0.70243 0.703942 0.705223 0.706308 0.707228 0.708008 0.708669 0.70923 0.710006
 #wt and selex for gender,fleet: 2 1 North
 0.00203804 0.0255893 0.0764472 0.149785 0.244762 0.353613 0.469721 0.58772 0.703408 0.813901 0.917426 1.01334 1.10213 1.18455 1.26085 1.33094 1.39472 1.45206 1.50328 1.54887 1.58927 1.62492 1.65629 1.68382 1.70794 1.72902 1.74743 1.76349 1.77748 1.78966 1.80026 1.80947 1.81748 1.82443 1.83046 1.8357 1.84025 1.84419 1.8476 1.85057 1.85501
 0 3.95023e-09 1.67164e-07 2.10555e-05 0.000667004 0.00755976 0.0408432 0.129801 0.282791 0.471714 0.652399 0.79299 0.885462 0.939174 0.968065 0.983042 0.990745 0.994874 0.997122 0.998319 0.998976 0.999348 0.999567 0.9997 0.999784 0.999839 0.999876 0.999901 0.999919 0.999932 0.999942 0.999949 0.999955 0.999959 0.999963 0.999966 0.999968 0.99997 0.999971 0.999973 0.999974
 #wt and selex for gender,fleet: 2 2 South
 0.00203804 0.0236597 0.081312 0.155485 0.247568 0.348031 0.450575 0.553498 0.661662 0.773962 0.883518 0.987103 1.08348 1.17213 1.25291 1.32595 1.39158 1.45011 1.50207 1.54811 1.58877 1.62459 1.65606 1.68365 1.70781 1.72892 1.74736 1.76343 1.77743 1.78962 1.80022 1.80944 1.81745 1.8244 1.83044 1.83568 1.84022 1.84417 1.84758 1.85055 1.85499
 0 4.49246e-09 3.66218e-07 0.00016542 0.00849073 0.0936828 0.36601 0.717279 0.925178 0.98761 0.998436 0.999814 0.999976 0.999996 0.999999 1 1 1 1 1 1 1 1 1 1 1 1 1 1 1 1 1 1 1 1 1 1 1 1 1 1
# Sex ratio correction
1
# M and current age-structure in year Yinit: 2015
 # gender = 1
 0.478468 0.478468 0.478468 0.478468 0.478468 0.478468 0.478468 0.478468 0.478468 0.478468 0.478468 0.478468 0.478468 0.478468 0.478468 0.478468 0.478468 0.478468 0.478468 0.478468 0.478468 0.478468 0.478468 0.478468 0.478468 0.478468 0.478468 0.478468 0.478468 0.478468 0.478468 0.478468 0.478468 0.478468 0.478468 0.478468 0.478468 0.478468 0.478468 0.478468 0.478468
 246785 131063 4295.43 63099.4 33036.4 20650.3 11157 12691.4 3572.14 1809.43 1012.93 272.988 88.9752 76.0962 20.439 14.7626 5.61215 1.26175 0.351254 0.0929018 0.0252179 0.00866208 0.00200522 0.00037074 0.000138247 3.65268e-05 1.02605e-05 2.45316e-06 4.17107e-07 1.12646e-07 4.63111e-08 1.50061e-08 3.21427e-09 7.21381e-10 1.63707e-10 5.09175e-11 1.30359e-11 2.86021e-12 1.34599e-12 5.51977e-13 1.5082e-13
 # gender = 2
 0.6 0.6 0.6 0.6 0.6 0.6 0.6 0.6 0.6 0.6 0.6 0.6 0.6 0.6 0.6 0.6 0.6 0.6 0.6 0.6 0.6 0.6 0.6 0.6 0.6 0.6 0.6 0.6 0.6 0.6 0.6 0.6 0.6 0.6 0.6 0.6 0.6 0.6 0.6 0.6 0.6
 246785 116065 3368.58 43822.9 20322.7 11217.8 5196.71 4631.14 876.624 245.388 60.9329 5.77075 0.512509 0.0934716 0.00449643 0.000526366 3.03479e-05 9.79398e-07 3.7397e-08 1.38e-09 6.04972e-11 4.38693e-12 2.95808e-13 2.08891e-14 3.55636e-15 4.82868e-16 7.41792e-17 9.7052e-18 8.7769e-19 1.21003e-19 2.36197e-20 3.26338e-21 2.63579e-22 2.0173e-23 1.49925e-24 1.59863e-25 1.593e-26 1.60096e-27 3.97673e-28 9.27571e-29 1.17489e-29
# Age-structure at Ydeclare= 2013
 11184.1 164300 86060.2 53941 29431.4 34294 10084.7 5447.78 3307.19 976.783 350.368 329.453 96.8377 76.0186 31.1598 7.49133 2.21072 0.614366 0.173975 0.061991 0.0148123 0.00281431 0.00107429 0.000289591 8.27546e-05 2.00775e-05 3.45668e-06 9.43533e-07 3.91442e-07 1.27822e-07 2.75598e-08 6.21996e-09 1.41826e-09 4.42906e-10 1.13783e-10 2.50381e-11 1.1812e-11 4.85419e-12 9.62275e-13 2.44232e-13 1.23062e-13
 11184.1 145498 67490.4 37462 18104.1 18650.5 4757.57 2088.4 898.081 148.034 20.9516 5.33217 0.315885 0.041605 0.00255433 8.51665e-05 3.30785e-06 1.23193e-07 5.42756e-09 3.94637e-10 2.66498e-11 1.88354e-12 3.20836e-13 4.35755e-14 6.69551e-15 8.76119e-16 7.92389e-17 1.0925e-17 2.13264e-18 2.94663e-19 2.38002e-20 1.82158e-21 1.35381e-22 1.44357e-23 1.43849e-24 1.44569e-25 3.59107e-26 8.37621e-27 9.23413e-28 1.17995e-28 1.95556e-29
# Year for Tmin Age-structure (set to Ydecl by SS)
2013
#  recruitment and biomass
# Number of historical assessment years
148
# Historical data
# year recruitment spawner in B0 in R project in R/S project
1875  1876 1877 1878 1879 1880 1881 1882 1883 1884 1885 1886 1887 1888 1889 1890 1891 1892 1893 1894 1895 1896 1897 1898 1899 1900 1901 1902 1903 1904 1905 1906 1907 1908 1909 1910 1911 1912 1913 1914 1915 1916 1917 1918 1919 1920 1921 1922 1923 1924 1925 1926 1927 1928 1929 1930 1931 1932 1933 1934 1935 1936 1937 1938 1939 1940 1941 1942 1943 1944 1945 1946 1947 1948 1949 1950 1951 1952 1953 1954 1955 1956 1957 1958 1959 1960 1961 1962 1963 1964 1965 1966 1967 1968 1969 1970 1971 1972 1973 1974 1975 1976 1977 1978 1979 1980 1981 1982 1983 1984 1985 1986 1987 1988 1989 1990 1991 1992 1993 1994 1995 1996 1997 1998 1999 2000 2001 2002 2003 2004 2005 2006 2007 2008 2009 2010 2011 2012 2013 2014 2015 2016 2017 2018 2019 2020 2021 2022 #years (with first value representing R0)
319987 320243 320242 320242 320242 320242 320236 320227 320215 320200 320183 320164 320144 320123 320101 320078 320055 320032 320008 319984 319960 319936 319912 319887 319863 319839 319815 319791 319768 319745 319723 319702 319682 319664 319647 319634 319624 319619 319620 319629 319649 319683 319737 319727 319840 320057 320380 320698 321003 321429 321947 322695 323720 324978 326595 328505 330810 333534 337008 342207 350233 364322 391053 448438 568454 534003 372224 287260 260599 289645 360283 420315 409331 350734 304387 317700 345313 334457 345466 384637 409830 346948 270745 287731 403412 514169 416355 386233 430608 422521 1.09062e+06 1.25519e+06 697724 369262 265666 313087 347120 229569 220078 201426 233268 338801 231809 134557 163091 165674 136623 153858 176304 214441 175039 114116 114237 182316 206802 198672 201484 143853 206254 236268 184078 185611 199629 215232 307155 279806 145729 222466 116119 171972 329263 320347 359658 752097 399196 453264 448152 530228 22368.1 422968 493570 420046 389512 296568 304053 304833 315181 319487  #recruits; first value is R0 (virgin)
7.70981  7.70981 7.70957 7.70939 7.70927 7.70927 7.70711 7.70343 7.69856 7.69268 7.68598 7.67861 7.67073 7.66247 7.65391 7.64512 7.63616 7.62707 7.61786 7.60857 7.59921 7.5898 7.58031 7.5708 7.56127 7.55172 7.54215 7.53256 7.52295 7.51334 7.50371 7.49407 7.48442 7.47476 7.4651 7.45543 7.44577 7.43611 7.42646 7.41682 7.4072 7.39761 7.38925 7.34964 7.34407 7.36256 7.40226 7.41792 7.39804 7.3815 7.34401 7.31754 7.30129 7.26525 7.2434 7.2095 7.19926 7.20293 7.22476 7.27957 7.16387 7.1319 7.21079 7.20306 7.19006 7.12627 7.19525 7.39572 7.53422 7.89034 8.56001 9.04092 8.79514 8.28952 7.13137 6.44034 5.99984 6.17946 6.45058 6.63652 6.52227 6.40778 6.41428 6.27585 6.32512 6.5709 6.71967 6.61617 6.37067 6.22216 6.49047 6.93843 7.31637 7.6497 8.15884 9.41373 11.4886 13.4965 14.3565 13.7938 12.1814 10.3505 8.76868 7.4588 6.08214 5.02312 4.52807 4.36547 4.00871 3.67398 3.36731 3.01639 2.73577 2.45362 2.35376 2.33866 2.33844 2.18854 2.13945 2.23845 2.48141 2.67821 2.77136 2.78918 2.94575 3.10661 3.13519 3.14314 3.1884 3.3035 3.55829 3.57206 3.43929 3.22432 2.98598 3.05009 3.66466 4.56782 5.81882 6.98053 7.87352 8.39757 8.58263 8.23433 7.66875 7.36061 7.44614 7.42162 #SSBio; first value is SSB_virgin (virgin)
1 0 0 0 0 0 0 0 0 0 0 0 0 0 0 0 0 0 0 0 0 0 0 0 0 0 0 0 0 0 0 0 0 0 0 0 0 0 0 0 0 0 0 0 0 0 0 0 0 0 0 0 0 0 0 0 0 0 0 0 0 0 0 0 0 0 0 0 0 0 0 0 0 0 0 0 0 0 0 0 0 0 0 0 0 0 0 0 0 0 0 0 0 0 0 0 0 0 0 0 0 0 0 0 0 0 0 0 0 0 0 0 0 0 0 0 0 0 0 0 0 0 0 0 0 0 0 0 0 0 0 0 0 0 0 0 0 0 0 0 0 0 0 0 0 0 0 0  # in Bzero
0 1 1 1 1 1 1 1 1 1 1 1 1 1 1 1 1 1 1 1 1 1 1 1 1 1 1 1 1 1 1 1 1 1 1 1 1 1 1 1 1 1 1 1 1 1 1 1 1 1 1 1 1 1 1 1 1 1 1 1 1 1 1 1 1 1 1 1 1 1 1 1 1 1 1 1 1 1 1 1 1 1 1 1 1 1 1 1 1 1 1 1 1 1 1 1 1 1 1 1 1 1 1 1 1 1 1 1 1 1 1 1 1 1 1 1 1 1 1 1 1 1 1 1 1 1 1 1 1 1 1 1 1 1 1 1 1 1 1 1 1 1 1 1 1  0 0 0 # in R project
0 1 1 1 1 1 1 1 1 1 1 1 1 1 1 1 1 1 1 1 1 1 1 1 1 1 1 1 1 1 1 1 1 1 1 1 1 1 1 1 1 1 1 1 1 1 1 1 1 1 1 1 1 1 1 1 1 1 1 1 1 1 1 1 1 1 1 1 1 1 1 1 1 1 1 1 1 1 1 1 1 1 1 1 1 1 1 1 1 1 1 1 1 1 1 1 1 1 1 1 1 1 1 1 1 1 1 1 1 1 1 1 1 1 1 1 1 1 1 1 1 1 1 1 1 1 1 1 1 1 1 1 1 1 1 1 1 1 1 1 1 1 1 1 1  0 0 0 # in R/S project
# Number of years with pre-specified catches
0
# catches for years with pre-specified catches go next
# Number of future recruitments to override
2
# Process for overiding (-1 for average otherwise index in data list)
2014 1 2014
2015 1 2015
# Which probability to product detailed results for (1=0.5; 2=0.6; etc.)
3
# Steepness sigma-R Auto-correlation
0.8 0.5 0
# Target SPR rate (FMSY Proxy); manually change to SPR_MSY if not using SPR_target
0.3
# Discount rate (for cumulative catch)
0.1
# Truncate the series when 0.4B0 is reached (1=Yes)
0
# Set F to FMSY once 0.4B0 is reached (1=Yes)
0
# Maximum possible F for projection (-1 to set to FMSY)
-1
# Defintion of recovery (1=now only;2=now or before)
2
# Projection type
4
# Definition of the 40-10 rule
10 40
# Sigma Assessment Error (Base, Year1, Slope, MaxSigma)
1.0 2023 0.075 2.0
# Pstar
0.45
# Constrain catches by the ABC (1=yes, 2=no)
2
# Implementation Error (0=no; 1=lognormal; 2=uniform)
0
#Parameters of Implementaion Error
1 0.3
# Calculate coefficients of variation (1=Yes)
0
# Number of replicates to use
10
# Random number seed
-99004
# File with multiple parameter vectors 
rebuild.SSO
# User-specific projection (1=Yes); Output replaced (1->9)
0  5
# Catches and Fs (Year; 1/2/3 (F or C or SPR); value); Final row is -1
2022 1 1
-1 -1 -1
# Fixed catch project (1=Yes); Output replaced (1->9); Approach (-1=Read in else 1-9)
0 2 -1
# (48a) Special catch options (1-Yes) [CUT_OFF, Emsy, distribution, MAXCAT, Add, replace_code]
0 0.18 1.00 1.00 0 6
# (48b) B1Target
150000
# Split of Fs
2015  0.44562
 0.55438
-1  1 1 1 1
# Yrs to define T_target for projection type 4 (a.k.a. 5 pre-specified inputs)
2028 2029 2030 2031 2032 
# Year for probability of recovery
2032 2033 2034 2035 2036 2037 2038 2039
# Time varying weight-at-age (1=Yes;0=No)
0
# File with time series of weight-at-age data
none
# Use bisection (0) or linear interpolation (1)
1
# Target Depletion
0.4
# CV of implementation error
0
