#Title, #runnumber: 3 petrale_data.ss petrale_control.ss 664.914 22.5126 7.57291 StartTime: Thu Jun 18 15:53:15 2026
SSv3_default_rebuild.dat
# Number of sexes
2
# Age range to consider (minimum age; maximum age)
0 40
# Number of fleets
2
# First year of projection (Yinit)
2015
# First Year of rebuilding period (Ydecl)
2013
# Number of simulations
1000
# Maximum number of years
500
# Conduct projections with multiple starting values (0=No;else yes)
0
# Number of parameter vectors
1000
# Is the maximum age a plus-group (1=Yes;2=No)
1
# Generate future recruitments using historical recruitments (1)  historical recruits/spawner (2)  or a stock-recruitment (3)
3
# Constant fishing mortality (1) or constant Catch (2) projections
1
# Fishing mortality based on SPR (1) or actual rate (2)
1
# Pre-specify the year of recovery (or -1) to ignore
-1
# Fecundity-at-age
# 0 1 2 3 4 5 6 7 8 9 10 11 12 13 14 15 16 17 18 19 20 21 22 23 24 25 26 27 28 29 30 31 32 33 34 35 36 37 38 39 40 #runnumber: 3 petrale_data.ss petrale_control.ss 664.914 22.5126 7.57291
 0 0 0 2.3746e-07 7.14261e-06 5.66959e-05 0.000178297 0.000343419 0.000515825 0.000678271 0.000825238 0.000955558 0.00106956 0.00116821 0.00125277 0.00132469 0.00138544 0.00143647 0.00147789 0.00151236 0.00154096 0.00156462 0.00158416 0.00160027 0.00161353 0.00162444 0.0016334 0.00164075 0.00164679 0.00165173 0.00165579 0.00165911 0.00166184 0.00166407 0.00166589 0.00166739 0.00166861 0.00166961 0.00167043 0.0016711 0.00167193 #female fecundity; weighted by N in year Y_init across morphs and areas
# Age specific selectivity and weight adjusted for discard and discard mortality
 #wt and selex for gender,fleet: 1 1 North
 0.00121519 0.0179736 0.0821797 0.193538 0.339495 0.502588 0.668175 0.826271 0.971118 1.10009 1.21261 1.30934 1.39161 1.46102 1.51921 1.56777 1.60814 1.6402 1.66548 1.68637 1.70362 1.71782 1.72951 1.73912 1.74701 1.75348 1.75879 1.76315 1.76672 1.76964 1.77203 1.77399 1.7756 1.77691 1.77799 1.77887 1.77959 1.78018 1.78066 1.78106 1.78155
 0 3.7948e-05 0.000597685 0.00433056 0.0170974 0.044606 0.087725 0.142134 0.201407 0.25989 0.313881 0.361563 0.402456 0.436859 0.465448 0.489022 0.508366 0.524166 0.537085 0.547667 0.556327 0.563411 0.569205 0.573942 0.577815 0.580982 0.583572 0.58569 0.587422 0.588838 0.589997 0.590944 0.591719 0.592353 0.592872 0.593296 0.593643 0.593927 0.594159 0.594349 0.594583
 #wt and selex for gender,fleet: 1 2 South
 0.00121519 0.0190432 0.0872362 0.201971 0.347946 0.5063 0.662735 0.808542 0.939552 1.05467 1.15449 1.24031 1.31359 1.3758 1.42833 1.47249 1.50943 1.53929 1.56326 1.58316 1.59964 1.61326 1.62449 1.63374 1.64135 1.6476 1.65273 1.65694 1.6604 1.66323 1.66555 1.66745 1.66901 1.67028 1.67133 1.67218 1.67288 1.67345 1.67392 1.67431 1.67478
 0 3.25981e-05 0.000888068 0.00853092 0.0378505 0.101246 0.194689 0.301732 0.405856 0.497149 0.572278 0.631915 0.6784 0.714379 0.742216 0.763821 0.780674 0.794215 0.805221 0.813985 0.820989 0.826608 0.831129 0.834777 0.837727 0.840117 0.842057 0.843633 0.844916 0.845961 0.846813 0.847507 0.848074 0.848537 0.848915 0.849224 0.849477 0.849683 0.849851 0.849989 0.850159
 #wt and selex for gender,fleet: 2 1 North
 0.00137347 0.0263786 0.100456 0.197563 0.298471 0.390652 0.469445 0.534767 0.588454 0.632505 0.66854 0.69785 0.721524 0.740512 0.755646 0.767645 0.777117 0.784382 0.78992 0.794261 0.797655 0.800305 0.802373 0.803984 0.805238 0.806214 0.806974 0.807564 0.808023 0.80838 0.808657 0.808873 0.80904 0.80917 0.809271 0.80935 0.809411 0.809458 0.809495 0.809524 0.809555
 0 6.81785e-09 1.28952e-05 0.00141285 0.0198671 0.0894275 0.213007 0.354273 0.480394 0.579346 0.652408 0.705126 0.743025 0.770421 0.790406 0.805131 0.816082 0.824507 0.831066 0.836056 0.839869 0.842792 0.84504 0.846771 0.848108 0.849141 0.849941 0.85056 0.851039 0.851411 0.8517 0.851924 0.852097 0.852232 0.852337 0.852418 0.852481 0.85253 0.852568 0.852598 0.85263
 #wt and selex for gender,fleet: 2 2 South
 0.00137347 0.0205888 0.117892 0.208585 0.290276 0.35925 0.420675 0.47769 0.529803 0.575753 0.61494 0.647524 0.674129 0.695573 0.712695 0.726275 0.736991 0.74532 0.751768 0.756816 0.76076 0.763837 0.766236 0.768104 0.769558 0.770689 0.771569 0.772253 0.772785 0.773198 0.773519 0.773769 0.773963 0.774114 0.774231 0.774321 0.774392 0.774447 0.774489 0.774523 0.774558
 0 4.39795e-09 1.55236e-05 0.00547335 0.0880578 0.319201 0.573001 0.74818 0.848438 0.903253 0.933765 0.951475 0.962252 0.969109 0.973646 0.976747 0.978924 0.980599 0.981914 0.982882 0.983604 0.984147 0.984557 0.98487 0.98511 0.985293 0.985434 0.985543 0.985627 0.985692 0.985743 0.985782 0.985812 0.985836 0.985854 0.985868 0.985879 0.985887 0.985894 0.985899 0.985905
# Sex ratio correction
1
# M and current age-structure in year Yinit: 2015
 # gender = 1
 0.140962 0.140962 0.140962 0.140962 0.140962 0.140962 0.140962 0.140962 0.140962 0.140962 0.140962 0.140962 0.140962 0.140962 0.140962 0.140962 0.140962 0.140962 0.140962 0.140962 0.140962 0.140962 0.140962 0.140962 0.140962 0.140962 0.140962 0.140962 0.140962 0.140962 0.140962 0.140962 0.140962 0.140962 0.140962 0.140962 0.140962 0.140962 0.140962 0.140962 0.140962
 6824.3 5751.03 3200.07 6471.44 3052.54 2415.38 2693.68 4813.02 3617.96 3242.31 1180.87 636.419 355.259 227.897 134.474 72.9773 55.6661 39.1771 10.1708 4.20671 2.46087 1.11343 0.689018 0.146688 0.092615 0.0477369 0.0209736 0.00789823 0.00232956 0.000600189 0.000355664 0.000187293 5.98602e-05 1.12708e-05 3.23302e-06 1.14252e-06 2.95764e-07 6.3971e-08 2.9249e-08 1.4014e-08 5.39092e-09
 # gender = 2
 0.154628 0.154628 0.154628 0.154628 0.154628 0.154628 0.154628 0.154628 0.154628 0.154628 0.154628 0.154628 0.154628 0.154628 0.154628 0.154628 0.154628 0.154628 0.154628 0.154628 0.154628 0.154628 0.154628 0.154628 0.154628 0.154628 0.154628 0.154628 0.154628 0.154628 0.154628 0.154628 0.154628 0.154628 0.154628 0.154628 0.154628 0.154628 0.154628 0.154628 0.154628
 6824.3 5672.97 3113.93 6215.03 2896.72 2248.28 2397.74 3977.03 2724.48 2202.71 705.139 312.902 132.592 61.2799 25.6041 9.90507 5.50683 2.84781 0.541636 0.165559 0.073574 0.0262518 0.0129344 0.00214283 0.00104495 0.000422994 0.000147018 4.32909e-05 9.83082e-06 1.89434e-06 7.99666e-07 2.8271e-07 5.73518e-08 6.66119e-09 1.2103e-09 2.91901e-10 5.58796e-11 9.6324e-12 3.75055e-12 1.5902e-12 5.30116e-13
# Age-structure at Ydeclare= 2013
 4242.45 8584.09 4062.18 3249.28 3709.83 6879.58 5419.55 5108.75 1954.26 1101.12 638.788 423.278 256.548 142.316 110.514 78.9147 20.7299 8.65678 5.10391 2.32405 1.44566 0.309077 0.195817 0.101215 0.0445718 0.0168163 0.00496753 0.00128143 0.000760136 0.000400622 0.000128129 2.41383e-05 6.92721e-06 2.44892e-06 6.34147e-07 1.37194e-07 6.2741e-08 3.00659e-08 8.07914e-09 2.2506e-09 1.23821e-09
 4242.45 8467.58 3952.79 3120.08 3518.86 6420.79 4897.97 4355.92 1501.56 703.13 309.508 146.931 62.5695 24.5377 13.7778 7.17713 1.37253 0.421312 0.187842 0.0671897 0.0331675 0.00550279 0.00268643 0.0010884 0.00037854 0.000111522 2.53353e-05 4.88346e-06 2.06197e-06 7.29113e-07 1.47932e-07 1.71837e-08 3.12245e-09 7.53122e-10 1.4418e-10 2.48545e-11 9.67785e-12 4.10343e-12 9.93941e-13 2.52795e-13 1.21231e-13
# Year for Tmin Age-structure (set to Ydecl by SS)
2013
#  recruitment and biomass
# Number of historical assessment years
148
# Historical data
# year recruitment spawner in B0 in R project in R/S project
1875  1876 1877 1878 1879 1880 1881 1882 1883 1884 1885 1886 1887 1888 1889 1890 1891 1892 1893 1894 1895 1896 1897 1898 1899 1900 1901 1902 1903 1904 1905 1906 1907 1908 1909 1910 1911 1912 1913 1914 1915 1916 1917 1918 1919 1920 1921 1922 1923 1924 1925 1926 1927 1928 1929 1930 1931 1932 1933 1934 1935 1936 1937 1938 1939 1940 1941 1942 1943 1944 1945 1946 1947 1948 1949 1950 1951 1952 1953 1954 1955 1956 1957 1958 1959 1960 1961 1962 1963 1964 1965 1966 1967 1968 1969 1970 1971 1972 1973 1974 1975 1976 1977 1978 1979 1980 1981 1982 1983 1984 1985 1986 1987 1988 1989 1990 1991 1992 1993 1994 1995 1996 1997 1998 1999 2000 2001 2002 2003 2004 2005 2006 2007 2008 2009 2010 2011 2012 2013 2014 2015 2016 2017 2018 2019 2020 2021 2022 #years (with first value representing R0)
15286.8 15291.7 15291.7 15291.8 15291.9 15291.9 15291.8 15291.5 15290.9 15290.2 15289.3 15288.3 15287.2 15285.9 15284.5 15283.1 15281.5 15280 15278.3 15276.7 15275 15273.4 15271.7 15270.1 15268.5 15267 15265.5 15264.1 15262.9 15261.7 15260.7 15259.9 15259.3 15258.9 15258.7 15258.9 15259.3 15260.2 15261.5 15263.2 15265.5 15268.3 15271.8 15272.6 15277.3 15285.7 15298.1 15310.1 15320 15331.5 15342.2 15355.3 15371.6 15388.4 15410.4 15435.8 15470 15513.4 15567.6 15631.6 15666.4 15654.4 15561.2 15300.2 14814.3 14089.9 13258.8 12543.5 12185 12413.6 13018 13099.5 12783.9 12525.8 12390.5 12526.2 12633.2 12474.9 12136.3 11908.7 11483.7 10905.9 10811.1 12074 16301.6 20132.1 14044.6 11667.3 12805.3 12394.4 38110.3 21271.9 8960.35 7027.7 7132.4 8498.13 9817.42 8730.96 8133.59 9448.71 11689.7 14271.5 9356.72 6196.84 8461.58 9555.9 7922.97 8218.11 13439.6 13511.7 8704.42 5272 7733.98 10364.9 11298 10883.9 9160.6 6434.8 13693.6 10213 10559.3 8538.02 9903.1 18688.9 13396.4 9204.04 9324.73 9213.65 8964.54 10768.5 14320.7 29749.6 26131.2 28166.9 13077 9923.49 10770.7 19767.1 8484.9 13243.3 13648.6 9148.21 8012.2 9099.58 11358.7 12558.1 13537.5 13844.7  #recruits; first value is R0 (virgin)
22.5126  22.5127 22.5122 22.5117 22.5113 22.5109 22.5049 22.4936 22.4773 22.4564 22.4312 22.4021 22.3694 22.3334 22.2946 22.2531 22.2092 22.1632 22.1153 22.0658 22.0147 21.9623 21.9086 21.8538 21.7982 21.7416 21.6844 21.6265 21.568 21.509 21.4495 21.3896 21.3294 21.2689 21.2081 21.1472 21.086 21.0248 20.9634 20.902 20.8405 20.7791 20.7204 20.5922 20.5277 20.5184 20.5685 20.5859 20.5344 20.485 20.3829 20.2893 20.2065 20.0722 19.9545 19.8007 19.6849 19.5926 19.537 19.5568 19.2119 18.9947 18.9885 18.7961 18.5622 18.1535 17.9126 17.7902 17.2416 16.6444 16.4025 16.1887 15.2914 14.6228 12.9144 11.8113 10.6044 10.0572 9.63803 9.36648 8.83316 8.45254 8.32326 7.85519 7.55511 7.46429 7.25281 6.83847 6.3834 6.00698 6.06595 6.30708 6.50062 6.67751 6.84838 7.18878 7.68654 8.16139 8.30817 8.00481 7.05409 5.96382 5.13753 4.54505 3.61148 2.78932 2.38717 2.27045 1.92109 1.73952 1.67257 1.58111 1.53526 1.39691 1.4018 1.44615 1.49859 1.35313 1.31509 1.40601 1.65204 1.84248 1.91827 1.905 2.11349 2.36874 2.47155 2.55635 2.70905 2.91886 3.22879 3.16155 2.97007 2.81074 2.64299 2.73326 3.56077 4.88543 6.56372 7.96927 9.01475 9.51887 9.66748 9.51873 9.24652 8.99519 8.90788 8.34231 #SSBio; first value is SSB_virgin (virgin)
1 0 0 0 0 0 0 0 0 0 0 0 0 0 0 0 0 0 0 0 0 0 0 0 0 0 0 0 0 0 0 0 0 0 0 0 0 0 0 0 0 0 0 0 0 0 0 0 0 0 0 0 0 0 0 0 0 0 0 0 0 0 0 0 0 0 0 0 0 0 0 0 0 0 0 0 0 0 0 0 0 0 0 0 0 0 0 0 0 0 0 0 0 0 0 0 0 0 0 0 0 0 0 0 0 0 0 0 0 0 0 0 0 0 0 0 0 0 0 0 0 0 0 0 0 0 0 0 0 0 0 0 0 0 0 0 0 0 0 0 0 0 0 0 0 0 0 0  # in Bzero
0 1 1 1 1 1 1 1 1 1 1 1 1 1 1 1 1 1 1 1 1 1 1 1 1 1 1 1 1 1 1 1 1 1 1 1 1 1 1 1 1 1 1 1 1 1 1 1 1 1 1 1 1 1 1 1 1 1 1 1 1 1 1 1 1 1 1 1 1 1 1 1 1 1 1 1 1 1 1 1 1 1 1 1 1 1 1 1 1 1 1 1 1 1 1 1 1 1 1 1 1 1 1 1 1 1 1 1 1 1 1 1 1 1 1 1 1 1 1 1 1 1 1 1 1 1 1 1 1 1 1 1 1 1 1 1 1 1 1 1 1 1 1 1 1  0 0 0 # in R project
0 1 1 1 1 1 1 1 1 1 1 1 1 1 1 1 1 1 1 1 1 1 1 1 1 1 1 1 1 1 1 1 1 1 1 1 1 1 1 1 1 1 1 1 1 1 1 1 1 1 1 1 1 1 1 1 1 1 1 1 1 1 1 1 1 1 1 1 1 1 1 1 1 1 1 1 1 1 1 1 1 1 1 1 1 1 1 1 1 1 1 1 1 1 1 1 1 1 1 1 1 1 1 1 1 1 1 1 1 1 1 1 1 1 1 1 1 1 1 1 1 1 1 1 1 1 1 1 1 1 1 1 1 1 1 1 1 1 1 1 1 1 1 1 1  0 0 0 # in R/S project
# Number of years with pre-specified catches
0
# catches for years with pre-specified catches go next
# Number of future recruitments to override
2
# Process for overiding (-1 for average otherwise index in data list)
2014 1 2014
2015 1 2015
# Which probability to product detailed results for (1=0.5; 2=0.6; etc.)
3
# Steepness sigma-R Auto-correlation
0.8 0.5 0
# Target SPR rate (FMSY Proxy); manually change to SPR_MSY if not using SPR_target
0.3
# Discount rate (for cumulative catch)
0.1
# Truncate the series when 0.4B0 is reached (1=Yes)
0
# Set F to FMSY once 0.4B0 is reached (1=Yes)
0
# Maximum possible F for projection (-1 to set to FMSY)
-1
# Defintion of recovery (1=now only;2=now or before)
2
# Projection type
4
# Definition of the 40-10 rule
10 40
# Sigma Assessment Error (Base, Year1, Slope, MaxSigma)
1.0 2023 0.075 2.0
# Pstar
0.45
# Constrain catches by the ABC (1=yes, 2=no)
2
# Implementation Error (0=no; 1=lognormal; 2=uniform)
0
#Parameters of Implementaion Error
1 0.3
# Calculate coefficients of variation (1=Yes)
0
# Number of replicates to use
10
# Random number seed
-99004
# File with multiple parameter vectors 
rebuild.SSO
# User-specific projection (1=Yes); Output replaced (1->9)
0  5
# Catches and Fs (Year; 1/2/3 (F or C or SPR); value); Final row is -1
2022 1 1
-1 -1 -1
# Fixed catch project (1=Yes); Output replaced (1->9); Approach (-1=Read in else 1-9)
0 2 -1
# (48a) Special catch options (1-Yes) [CUT_OFF, Emsy, distribution, MAXCAT, Add, replace_code]
0 0.18 1.00 1.00 0 6
# (48b) B1Target
150000
# Split of Fs
2015  0.44562
 0.55438
-1  1 1 1 1
# Yrs to define T_target for projection type 4 (a.k.a. 5 pre-specified inputs)
2028 2029 2030 2031 2032 
# Year for probability of recovery
2032 2033 2034 2035 2036 2037 2038 2039
# Time varying weight-at-age (1=Yes;0=No)
0
# File with time series of weight-at-age data
none
# Use bisection (0) or linear interpolation (1)
1
# Target Depletion
0.4
# CV of implementation error
0
