#Title, #runnumber: 3 petrale_data.ss petrale_control.ss 644.133 22.2003 8.3174 StartTime: Thu Jun 18 15:49:56 2026
SSv3_default_rebuild.dat
# Number of sexes
2
# Age range to consider (minimum age; maximum age)
0 40
# Number of fleets
2
# First year of projection (Yinit)
2015
# First Year of rebuilding period (Ydecl)
2013
# Number of simulations
1000
# Maximum number of years
500
# Conduct projections with multiple starting values (0=No;else yes)
0
# Number of parameter vectors
1000
# Is the maximum age a plus-group (1=Yes;2=No)
1
# Generate future recruitments using historical recruitments (1)  historical recruits/spawner (2)  or a stock-recruitment (3)
3
# Constant fishing mortality (1) or constant Catch (2) projections
1
# Fishing mortality based on SPR (1) or actual rate (2)
1
# Pre-specify the year of recovery (or -1) to ignore
-1
# Fecundity-at-age
# 0 1 2 3 4 5 6 7 8 9 10 11 12 13 14 15 16 17 18 19 20 21 22 23 24 25 26 27 28 29 30 31 32 33 34 35 36 37 38 39 40 #runnumber: 3 petrale_data.ss petrale_control.ss 644.133 22.2003 8.3174
 0 0 0 2.13013e-07 6.5302e-06 5.36048e-05 0.000172406 0.000336289 0.000508869 0.00067238 0.00082099 0.000953346 0.00106964 0.0011707 0.0012577 0.001332 0.00139501 0.00144815 0.00149141 0.00152754 0.00155762 0.0015826 0.00160329 0.00162042 0.00163456 0.00164623 0.00165585 0.00166377 0.00167029 0.00167565 0.00168006 0.00168369 0.00168667 0.00168911 0.00169112 0.00169277 0.00169413 0.00169524 0.00169615 0.0016969 0.00169784 #female fecundity; weighted by N in year Y_init across morphs and areas
# Age specific selectivity and weight adjusted for discard and discard mortality
 #wt and selex for gender,fleet: 1 1 North
 0.00117261 0.0175287 0.0801724 0.189562 0.333881 0.496097 0.661657 0.820473 0.966608 1.09725 1.21166 1.31039 1.39465 1.46599 1.52601 1.57626 1.61818 1.65155 1.6779 1.69977 1.71787 1.73283 1.74519 1.75537 1.76376 1.77067 1.77636 1.78103 1.78488 1.78804 1.79063 1.79277 1.79452 1.79595 1.79713 1.7981 1.7989 1.79955 1.80009 1.80053 1.80107
 0 4.67245e-05 0.000677041 0.00468082 0.0180043 0.0462981 0.0903297 0.145716 0.205997 0.265484 0.320441 0.369024 0.410736 0.445871 0.475107 0.499248 0.519089 0.535332 0.548651 0.559584 0.568552 0.575906 0.581934 0.586876 0.590928 0.594249 0.596972 0.599206 0.601037 0.602539 0.603771 0.604782 0.605611 0.606291 0.606849 0.607307 0.607682 0.60799 0.608243 0.608451 0.608709
 #wt and selex for gender,fleet: 1 2 South
 0.00117261 0.0185384 0.0852518 0.198347 0.343147 0.501017 0.657614 0.804081 0.936097 1.05246 1.15368 1.24101 1.31586 1.37965 1.43374 1.47936 1.51769 1.54874 1.57375 1.59459 1.61191 1.62626 1.63815 1.64797 1.65607 1.66275 1.66826 1.67279 1.67652 1.67959 1.68211 1.68418 1.68588 1.68728 1.68842 1.68937 1.69014 1.69078 1.6913 1.69173 1.69226
 0 3.53026e-05 0.000917103 0.00865538 0.0381819 0.102035 0.196337 0.304583 0.410011 0.502479 0.578541 0.63886 0.685822 0.722128 0.750188 0.77195 0.788919 0.802577 0.813707 0.822574 0.829669 0.835368 0.839959 0.84367 0.846676 0.849116 0.851102 0.852719 0.854037 0.855114 0.855994 0.856714 0.857303 0.857785 0.85818 0.858503 0.858768 0.858986 0.859164 0.85931 0.859492
 #wt and selex for gender,fleet: 2 1 North
 0.00132319 0.0252505 0.0989764 0.196544 0.29809 0.390686 0.469602 0.53483 0.5883 0.632078 0.667818 0.696836 0.720234 0.738972 0.753885 0.765693 0.775002 0.782121 0.787532 0.791767 0.795076 0.797656 0.799667 0.801233 0.80245 0.803397 0.804132 0.804704 0.805148 0.805493 0.80576 0.805968 0.806129 0.806254 0.806351 0.806427 0.806485 0.806531 0.806566 0.806593 0.806623
 0 7.88223e-09 1.53758e-05 0.0015904 0.0215077 0.0942539 0.220487 0.362363 0.487567 0.585059 0.656707 0.708261 0.745265 0.771988 0.791472 0.805821 0.816488 0.824702 0.831103 0.835971 0.839688 0.842537 0.844725 0.84641 0.84771 0.848713 0.849489 0.85009 0.850555 0.850915 0.851194 0.85141 0.851578 0.851708 0.851809 0.851887 0.851948 0.851995 0.852031 0.85206 0.85209
 #wt and selex for gender,fleet: 2 2 South
 0.00132319 0.0192574 0.115866 0.207614 0.290202 0.359567 0.420995 0.477768 0.529494 0.574996 0.613733 0.645897 0.672125 0.693241 0.710083 0.723425 0.733944 0.742102 0.748406 0.753335 0.757183 0.760182 0.762518 0.764336 0.765749 0.766847 0.767701 0.768364 0.768878 0.769278 0.769588 0.769829 0.770016 0.770161 0.770274 0.770361 0.770429 0.770482 0.770523 0.770554 0.770588
 0 4.44401e-09 1.72315e-05 0.00591488 0.092477 0.327985 0.580856 0.752968 0.850833 0.904265 0.93405 0.951385 0.961967 0.96872 0.973199 0.976268 0.978425 0.980093 0.981408 0.982378 0.9831 0.983643 0.984055 0.984368 0.984607 0.98479 0.984932 0.98504 0.985124 0.985189 0.985239 0.985278 0.985308 0.985331 0.985349 0.985363 0.985374 0.985383 0.985389 0.985394 0.9854
# Sex ratio correction
1
# M and current age-structure in year Yinit: 2015
 # gender = 1
 0.144488 0.144488 0.144488 0.144488 0.144488 0.144488 0.144488 0.144488 0.144488 0.144488 0.144488 0.144488 0.144488 0.144488 0.144488 0.144488 0.144488 0.144488 0.144488 0.144488 0.144488 0.144488 0.144488 0.144488 0.144488 0.144488 0.144488 0.144488 0.144488 0.144488 0.144488 0.144488 0.144488 0.144488 0.144488 0.144488 0.144488 0.144488 0.144488 0.144488 0.144488
 7078.41 6424.95 3528.49 7016.53 3419.03 2666.63 2921.83 5142.62 3890.79 3357.11 1307.01 684.422 383.348 249.887 151.499 75.4802 61.1003 41.9386 10.5469 4.41331 2.51519 1.14052 0.691675 0.144162 0.0911512 0.0454308 0.0199772 0.0074176 0.00213008 0.000533561 0.000316928 0.000163052 5.15568e-05 9.56062e-06 2.69049e-06 9.30616e-07 2.37649e-07 4.95705e-08 2.22031e-08 1.0445e-08 3.9232e-09
 # gender = 2
 0.159961 0.159961 0.159961 0.159961 0.159961 0.159961 0.159961 0.159961 0.159961 0.159961 0.159961 0.159961 0.159961 0.159961 0.159961 0.159961 0.159961 0.159961 0.159961 0.159961 0.159961 0.159961 0.159961 0.159961 0.159961 0.159961 0.159961 0.159961 0.159961 0.159961 0.159961 0.159961 0.159961 0.159961 0.159961 0.159961 0.159961 0.159961 0.159961 0.159961 0.159961
 7078.41 6326.31 3421.11 6701.7 3220.31 2459.22 2574.74 4208.5 2905.34 2266 778.147 337.34 144.251 67.9695 29.1632 10.3125 6.04299 3.02312 0.552376 0.169608 0.0730526 0.0260416 0.0125565 0.00203549 0.000993802 0.000388982 0.000135356 3.93224e-05 8.69655e-06 1.62908e-06 6.89485e-07 2.38351e-07 4.79126e-08 5.49428e-09 9.82356e-10 2.32787e-10 4.41739e-11 7.38205e-12 2.83326e-12 1.18836e-12 3.92348e-13
# Age-structure at Ydeclare= 2013
 4710.93 9372.43 4580.34 3607.75 4039.54 7360.47 5820.16 5269.02 2150.02 1175.08 683.119 459.516 285.954 145.554 119.902 83.4781 21.238 8.97147 5.15266 2.35128 1.43332 0.3 0.190339 0.0951345 0.0419299 0.0155981 0.00448616 0.00112515 0.000669017 0.000344486 0.000109002 2.02247e-05 5.69418e-06 1.97032e-06 5.03313e-07 1.05012e-07 4.70457e-08 2.21355e-08 5.86708e-09 1.60098e-09 8.47805e-10
 4710.93 9228.53 4440.9 3445.43 3803.26 6805.41 5202.74 4441.46 1635.96 746.276 330.833 159.898 69.8554 25.0239 14.8024 7.45667 1.36957 0.422228 0.182426 0.0651846 0.031487 0.00511129 0.00249817 0.000978605 0.000340744 9.90383e-05 2.19116e-05 4.10578e-06 1.7381e-06 6.00957e-07 1.20819e-07 1.38561e-08 2.47763e-09 5.87155e-10 1.11425e-10 1.86213e-11 7.14712e-12 2.99779e-12 7.22355e-13 1.81694e-13 8.57251e-14
# Year for Tmin Age-structure (set to Ydecl by SS)
2013
#  recruitment and biomass
# Number of historical assessment years
148
# Historical data
# year recruitment spawner in B0 in R project in R/S project
1875  1876 1877 1878 1879 1880 1881 1882 1883 1884 1885 1886 1887 1888 1889 1890 1891 1892 1893 1894 1895 1896 1897 1898 1899 1900 1901 1902 1903 1904 1905 1906 1907 1908 1909 1910 1911 1912 1913 1914 1915 1916 1917 1918 1919 1920 1921 1922 1923 1924 1925 1926 1927 1928 1929 1930 1931 1932 1933 1934 1935 1936 1937 1938 1939 1940 1941 1942 1943 1944 1945 1946 1947 1948 1949 1950 1951 1952 1953 1954 1955 1956 1957 1958 1959 1960 1961 1962 1963 1964 1965 1966 1967 1968 1969 1970 1971 1972 1973 1974 1975 1976 1977 1978 1979 1980 1981 1982 1983 1984 1985 1986 1987 1988 1989 1990 1991 1992 1993 1994 1995 1996 1997 1998 1999 2000 2001 2002 2003 2004 2005 2006 2007 2008 2009 2010 2011 2012 2013 2014 2015 2016 2017 2018 2019 2020 2021 2022 #years (with first value representing R0)
15920.7 15925.8 15925.9 15925.9 15926 15926.1 15926 15925.6 15925.1 15924.3 15923.4 15922.3 15921.1 15919.8 15918.4 15916.9 15915.3 15913.7 15912 15910.3 15908.6 15906.9 15905.2 15903.6 15902 15900.5 15899.1 15897.8 15896.6 15895.6 15894.7 15894.1 15893.6 15893.5 15893.6 15894.1 15895.1 15896.4 15898.3 15900.7 15903.7 15907.4 15912 15913.7 15919.7 15929.8 15944.3 15958.4 15970.5 15984.5 15997.8 16014.1 16033.9 16054.7 16081.5 16112.6 16154 16206.7 16272.8 16352 16403.1 16407 16324.7 16058.5 15541.8 14758.9 13857.8 13087.4 12710.5 12970.7 13631.2 13726.5 13389.4 13107.5 12953.4 13091.6 13206.4 13041.2 12687.8 12449.2 11984.9 11356.7 11247.3 12572.7 17038.2 21002.5 14598.9 12161.8 13319.5 12794.1 40754.9 21666.9 9330.97 7338.36 7434.48 8822.59 10194.5 9002.7 8396.38 9778.76 12093.8 14653.6 9578.23 6340.46 8793.5 9864.69 8194.31 8504.3 13873.9 13867.9 9000.87 5354.94 7956.54 10785.8 11743.9 11134.7 9548.57 6600.38 14141.5 10610.2 10798.1 8853.19 10049.3 19443.5 14246 9231.62 10236 9921.08 9590.18 11589.7 15986.3 31231.2 28575.8 30638.9 14437.5 11135 12230.4 21658.7 9421.86 14847.4 14156.8 9198.82 8002.1 8264.7 11498.2 13155.8 14262.5 14644.1  #recruits; first value is R0 (virgin)
22.2003  22.2005 22.1999 22.1995 22.199 22.1986 22.1926 22.1812 22.1649 22.1439 22.1187 22.0896 22.0569 22.021 21.9823 21.9409 21.8972 21.8515 21.8039 21.7546 21.7039 21.6519 21.5986 21.5444 21.4892 21.4332 21.3766 21.3193 21.2614 21.2031 21.1443 21.0852 21.0258 20.9661 20.9061 20.846 20.7858 20.7254 20.665 20.6046 20.5441 20.4837 20.4261 20.2987 20.2355 20.2278 20.2797 20.2986 20.2482 20.2001 20.0989 20.0065 19.9252 19.7922 19.6763 19.5243 19.4109 19.3214 19.2687 19.2921 18.9493 18.7354 18.7339 18.5457 18.317 17.9132 17.6788 17.5646 17.0211 16.432 16.2029 16.0016 15.1121 14.4515 12.7454 11.649 10.4491 9.91255 9.50633 9.24884 8.72857 8.35984 8.24145 7.78346 7.49333 7.41168 7.20745 6.7986 6.34618 5.97086 6.03204 6.27963 6.48251 6.66703 6.84021 7.18258 7.69581 8.19459 8.36225 8.06987 7.11838 6.01968 5.1832 4.58017 3.63421 2.80217 2.39344 2.27338 1.92269 1.73833 1.66867 1.57618 1.52984 1.38986 1.39258 1.43766 1.49181 1.34551 1.304 1.39365 1.63982 1.83174 1.90913 1.89425 2.09977 2.35261 2.45295 2.53177 2.6747 2.88307 3.2021 3.15257 2.98679 2.86021 2.73006 2.86321 3.73644 5.11814 6.87557 8.38137 9.53205 10.1324 10.3654 10.2919 10.0755 9.85959 9.77563 9.17049 #SSBio; first value is SSB_virgin (virgin)
1 0 0 0 0 0 0 0 0 0 0 0 0 0 0 0 0 0 0 0 0 0 0 0 0 0 0 0 0 0 0 0 0 0 0 0 0 0 0 0 0 0 0 0 0 0 0 0 0 0 0 0 0 0 0 0 0 0 0 0 0 0 0 0 0 0 0 0 0 0 0 0 0 0 0 0 0 0 0 0 0 0 0 0 0 0 0 0 0 0 0 0 0 0 0 0 0 0 0 0 0 0 0 0 0 0 0 0 0 0 0 0 0 0 0 0 0 0 0 0 0 0 0 0 0 0 0 0 0 0 0 0 0 0 0 0 0 0 0 0 0 0 0 0 0 0 0 0  # in Bzero
0 1 1 1 1 1 1 1 1 1 1 1 1 1 1 1 1 1 1 1 1 1 1 1 1 1 1 1 1 1 1 1 1 1 1 1 1 1 1 1 1 1 1 1 1 1 1 1 1 1 1 1 1 1 1 1 1 1 1 1 1 1 1 1 1 1 1 1 1 1 1 1 1 1 1 1 1 1 1 1 1 1 1 1 1 1 1 1 1 1 1 1 1 1 1 1 1 1 1 1 1 1 1 1 1 1 1 1 1 1 1 1 1 1 1 1 1 1 1 1 1 1 1 1 1 1 1 1 1 1 1 1 1 1 1 1 1 1 1 1 1 1 1 1 1  0 0 0 # in R project
0 1 1 1 1 1 1 1 1 1 1 1 1 1 1 1 1 1 1 1 1 1 1 1 1 1 1 1 1 1 1 1 1 1 1 1 1 1 1 1 1 1 1 1 1 1 1 1 1 1 1 1 1 1 1 1 1 1 1 1 1 1 1 1 1 1 1 1 1 1 1 1 1 1 1 1 1 1 1 1 1 1 1 1 1 1 1 1 1 1 1 1 1 1 1 1 1 1 1 1 1 1 1 1 1 1 1 1 1 1 1 1 1 1 1 1 1 1 1 1 1 1 1 1 1 1 1 1 1 1 1 1 1 1 1 1 1 1 1 1 1 1 1 1 1  0 0 0 # in R/S project
# Number of years with pre-specified catches
0
# catches for years with pre-specified catches go next
# Number of future recruitments to override
2
# Process for overiding (-1 for average otherwise index in data list)
2014 1 2014
2015 1 2015
# Which probability to product detailed results for (1=0.5; 2=0.6; etc.)
3
# Steepness sigma-R Auto-correlation
0.8 0.5 0
# Target SPR rate (FMSY Proxy); manually change to SPR_MSY if not using SPR_target
0.3
# Discount rate (for cumulative catch)
0.1
# Truncate the series when 0.4B0 is reached (1=Yes)
0
# Set F to FMSY once 0.4B0 is reached (1=Yes)
0
# Maximum possible F for projection (-1 to set to FMSY)
-1
# Defintion of recovery (1=now only;2=now or before)
2
# Projection type
4
# Definition of the 40-10 rule
10 40
# Sigma Assessment Error (Base, Year1, Slope, MaxSigma)
1.0 2023 0.075 2.0
# Pstar
0.45
# Constrain catches by the ABC (1=yes, 2=no)
2
# Implementation Error (0=no; 1=lognormal; 2=uniform)
0
#Parameters of Implementaion Error
1 0.3
# Calculate coefficients of variation (1=Yes)
0
# Number of replicates to use
10
# Random number seed
-99004
# File with multiple parameter vectors 
rebuild.SSO
# User-specific projection (1=Yes); Output replaced (1->9)
0  5
# Catches and Fs (Year; 1/2/3 (F or C or SPR); value); Final row is -1
2022 1 1
-1 -1 -1
# Fixed catch project (1=Yes); Output replaced (1->9); Approach (-1=Read in else 1-9)
0 2 -1
# (48a) Special catch options (1-Yes) [CUT_OFF, Emsy, distribution, MAXCAT, Add, replace_code]
0 0.18 1.00 1.00 0 6
# (48b) B1Target
150000
# Split of Fs
2015  0.44562
 0.55438
-1  1 1 1 1
# Yrs to define T_target for projection type 4 (a.k.a. 5 pre-specified inputs)
2028 2029 2030 2031 2032 
# Year for probability of recovery
2032 2033 2034 2035 2036 2037 2038 2039
# Time varying weight-at-age (1=Yes;0=No)
0
# File with time series of weight-at-age data
none
# Use bisection (0) or linear interpolation (1)
1
# Target Depletion
0.4
# CV of implementation error
0
