#Title, #runnumber: 3 petrale_data.ss petrale_control.ss 765.945 21.6223 8.80928 StartTime: Tue Jun 24 21:03:49 2025
SSv3_default_rebuild.dat
# Number of sexes
2
# Age range to consider (minimum age; maximum age)
0 40
# Number of fleets
2
# First year of projection (Yinit)
2015
# First Year of rebuilding period (Ydecl)
2013
# Number of simulations
1000
# Maximum number of years
500
# Conduct projections with multiple starting values (0=No;else yes)
0
# Number of parameter vectors
1000
# Is the maximum age a plus-group (1=Yes;2=No)
1
# Generate future recruitments using historical recruitments (1)  historical recruits/spawner (2)  or a stock-recruitment (3)
3
# Constant fishing mortality (1) or constant Catch (2) projections
1
# Fishing mortality based on SPR (1) or actual rate (2)
1
# Pre-specify the year of recovery (or -1) to ignore
-1
# Fecundity-at-age
# 0 1 2 3 4 5 6 7 8 9 10 11 12 13 14 15 16 17 18 19 20 21 22 23 24 25 26 27 28 29 30 31 32 33 34 35 36 37 38 39 40 #runnumber: 3 petrale_data.ss petrale_control.ss 765.945 21.6223 8.80928
 0 0 0 1.64963e-07 5.71791e-06 5.03212e-05 0.000166733 0.000329305 0.000501077 0.000663723 0.000811152 0.000941949 0.00105635 0.00115528 0.00124002 0.00131201 0.00137275 0.00142372 0.00146496 0.00149922 0.00152761 0.00155108 0.00157042 0.00158635 0.00159945 0.00161021 0.00161903 0.00162627 0.0016322 0.00163705 0.00164102 0.00164428 0.00164694 0.00164911 0.00165089 0.00165235 0.00165354 0.00165451 0.0016553 0.00165595 0.00165675 #female fecundity; weighted by N in year Y_init across morphs and areas
# Age specific selectivity and weight adjusted for discard and discard mortality
 #wt and selex for gender,fleet: 1 1 North
 0.000919227 0.0142098 0.0747319 0.183839 0.329673 0.494039 0.661456 0.821369 0.967734 1.09783 1.2111 1.30828 1.39076 1.46022 1.51835 1.56677 1.60697 1.63875 1.66369 1.68427 1.70123 1.71519 1.72666 1.73607 1.74379 1.75012 1.75531 1.75955 1.76303 1.76587 1.7682 1.7701 1.77165 1.77293 1.77397 1.77481 1.77551 1.77608 1.77654 1.77692 1.77739
 0 2.79237e-05 0.000463107 0.00371175 0.0156154 0.0423659 0.0853272 0.140246 0.200439 0.259944 0.314853 0.36326 0.404675 0.439428 0.468231 0.491921 0.511316 0.527125 0.540031 0.550585 0.559209 0.566252 0.572004 0.5767 0.580534 0.583665 0.586222 0.58831 0.590015 0.591408 0.592546 0.593475 0.594234 0.594854 0.595361 0.595775 0.596113 0.596389 0.596615 0.596799 0.597026
 #wt and selex for gender,fleet: 1 2 South
 0.000919227 0.0147961 0.0795476 0.192495 0.338892 0.498808 0.657005 0.804274 0.936299 1.05204 1.15221 1.23819 1.31151 1.37368 1.42612 1.47014 1.50693 1.53653 1.5602 1.57982 1.59605 1.60944 1.62047 1.62955 1.637 1.64312 1.64814 1.65225 1.65561 1.65837 1.66063 1.66247 1.66398 1.66522 1.66623 1.66705 1.66773 1.66828 1.66873 1.6691 1.66955
 0 2.1496e-05 0.000633233 0.00693973 0.0333596 0.0935918 0.185106 0.291673 0.396184 0.488142 0.563909 0.624059 0.670931 0.707196 0.735241 0.757001 0.773967 0.787605 0.798699 0.807529 0.814584 0.82024 0.824788 0.828455 0.831418 0.833817 0.835762 0.837341 0.838625 0.83967 0.84052 0.841213 0.841778 0.842238 0.842614 0.842921 0.843171 0.843375 0.843542 0.843678 0.843846
 #wt and selex for gender,fleet: 2 1 North
 0.00100373 0.0181868 0.0923776 0.191245 0.29516 0.389789 0.470029 0.53603 0.589969 0.634048 0.669977 0.699089 0.722508 0.741212 0.756055 0.76777 0.776977 0.783983 0.78928 0.793412 0.79663 0.799132 0.801075 0.802583 0.803752 0.804658 0.805359 0.805903 0.806323 0.806649 0.806901 0.807096 0.807247 0.807363 0.807454 0.807523 0.807578 0.807619 0.807652 0.807677 0.807704
 0 4.34416e-09 6.77856e-06 0.00107537 0.0178252 0.0859121 0.210038 0.352315 0.478619 0.577017 0.649243 0.70113 0.738314 0.765129 0.784649 0.799002 0.809655 0.817849 0.824228 0.829069 0.832757 0.835577 0.837737 0.839396 0.840672 0.841655 0.842413 0.842997 0.843448 0.843797 0.844066 0.844274 0.844435 0.844559 0.844655 0.844729 0.844787 0.844831 0.844866 0.844892 0.844921
 #wt and selex for gender,fleet: 2 2 South
 0.00100373 0.0142686 0.108541 0.202629 0.287732 0.3587 0.421083 0.478528 0.530755 0.576603 0.615544 0.647793 0.674017 0.695065 0.711802 0.725019 0.735405 0.743426 0.749594 0.754403 0.758144 0.761051 0.763307 0.765057 0.766414 0.767464 0.768278 0.768908 0.769396 0.769774 0.770066 0.770292 0.770467 0.770602 0.770707 0.770788 0.77085 0.770899 0.770936 0.770965 0.770996
 0 3.99156e-09 6.94173e-06 0.00404896 0.0785604 0.304197 0.558778 0.736193 0.838495 0.894954 0.926719 0.945358 0.956815 0.964169 0.969068 0.972435 0.974808 0.976647 0.9781 0.979171 0.97997 0.980569 0.981023 0.981367 0.98163 0.981831 0.981986 0.982104 0.982195 0.982266 0.98232 0.982362 0.982394 0.982419 0.982439 0.982453 0.982465 0.982474 0.982481 0.982486 0.982492
# Sex ratio correction
1
# M and current age-structure in year Yinit: 2015
 # gender = 1
 0.148232 0.148232 0.148232 0.148232 0.148232 0.148232 0.148232 0.148232 0.148232 0.148232 0.148232 0.148232 0.148232 0.148232 0.148232 0.148232 0.148232 0.148232 0.148232 0.148232 0.148232 0.148232 0.148232 0.148232 0.148232 0.148232 0.148232 0.148232 0.148232 0.148232 0.148232 0.148232 0.148232 0.148232 0.148232 0.148232 0.148232 0.148232 0.148232 0.148232 0.148232
 8136.43 7319.48 3943.16 7041.66 3869.19 2785.76 3126.36 5234.26 3840.23 3439.69 1230.76 719.091 363.114 245.074 142.067 74.2733 56.7339 42.6128 10.164 4.18191 2.44154 1.05866 0.673795 0.139046 0.0824072 0.0439761 0.0186033 0.00688584 0.0020306 0.000477717 0.000278702 0.000148231 4.56124e-05 8.50771e-06 2.35718e-06 8.02794e-07 2.10444e-07 4.24022e-08 1.89822e-08 9.19278e-09 3.45818e-09
 # gender = 2
 0.164459 0.164459 0.164459 0.164459 0.164459 0.164459 0.164459 0.164459 0.164459 0.164459 0.164459 0.164459 0.164459 0.164459 0.164459 0.164459 0.164459 0.164459 0.164459 0.164459 0.164459 0.164459 0.164459 0.164459 0.164459 0.164459 0.164459 0.164459 0.164459 0.164459 0.164459 0.164459 0.164459 0.164459 0.164459 0.164459 0.164459 0.164459 0.164459 0.164459 0.164459
 8136.43 7201.66 3817.35 6709.72 3632.64 2560.68 2745.62 4262.47 2845.75 2296.88 722.887 348.543 133.771 65.0008 26.6198 9.87977 5.47789 3.0129 0.52424 0.158604 0.0699646 0.0238155 0.0120358 0.0019246 0.000874728 0.000363789 0.00012092 3.47147e-05 7.81016e-06 1.36309e-06 5.63882e-07 2.01091e-07 3.9302e-08 4.53226e-09 7.97528e-10 1.86415e-10 3.64526e-11 5.90088e-12 2.27127e-12 9.83777e-13 3.24616e-13
# Age-structure at Ydeclare= 2013
 5304.07 9475.52 5219.7 3792.86 4347.62 7536.33 5782.94 5440.27 2042.24 1246.35 653.572 455.338 270.969 144.732 112.495 85.6948 20.675 8.58611 5.05099 2.20366 1.40959 0.292074 0.173676 0.092932 0.0393998 0.0146097 0.00431464 0.00101627 0.000593475 0.000315899 9.72687e-05 1.81524e-05 5.03155e-06 1.71422e-06 4.49495e-07 9.05895e-08 4.05621e-08 1.96467e-08 5.21679e-09 1.41909e-09 7.56172e-10
 5304.07 9323 5053.12 3613.72 4080.34 6943.02 5147.86 4559.38 1541.55 782.692 311.515 155.274 64.7445 24.3409 13.6224 7.54392 1.31939 0.400757 0.177326 0.0605009 0.0306298 0.00490449 0.0022314 0.000928748 0.000308896 8.87219e-05 1.9968e-05 3.48596e-06 1.44238e-06 5.14464e-07 1.00562e-07 1.15978e-08 2.04099e-09 4.7709e-10 9.32974e-11 1.51033e-11 5.81349e-12 2.5181e-12 6.07744e-13 1.51843e-13 7.13268e-14
# Year for Tmin Age-structure (set to Ydecl by SS)
2013
#  recruitment and biomass
# Number of historical assessment years
148
# Historical data
# year recruitment spawner in B0 in R project in R/S project
1875  1876 1877 1878 1879 1880 1881 1882 1883 1884 1885 1886 1887 1888 1889 1890 1891 1892 1893 1894 1895 1896 1897 1898 1899 1900 1901 1902 1903 1904 1905 1906 1907 1908 1909 1910 1911 1912 1913 1914 1915 1916 1917 1918 1919 1920 1921 1922 1923 1924 1925 1926 1927 1928 1929 1930 1931 1932 1933 1934 1935 1936 1937 1938 1939 1940 1941 1942 1943 1944 1945 1946 1947 1948 1949 1950 1951 1952 1953 1954 1955 1956 1957 1958 1959 1960 1961 1962 1963 1964 1965 1966 1967 1968 1969 1970 1971 1972 1973 1974 1975 1976 1977 1978 1979 1980 1981 1982 1983 1984 1985 1986 1987 1988 1989 1990 1991 1992 1993 1994 1995 1996 1997 1998 1999 2000 2001 2002 2003 2004 2005 2006 2007 2008 2009 2010 2011 2012 2013 2014 2015 2016 2017 2018 2019 2020 2021 2022 #years (with first value representing R0)
16728.2 16733.7 16733.8 16733.8 16733.9 16734 16733.9 16733.5 16732.9 16732.1 16731.1 16730 16728.7 16727.3 16725.8 16724.2 16722.6 16720.8 16719.1 16717.3 16715.6 16713.8 16712.1 16710.4 16708.7 16707.2 16705.7 16704.4 16703.2 16702.1 16701.3 16700.7 16700.3 16700.3 16700.6 16701.2 16702.3 16703.9 16706.1 16708.9 16712.3 16716.5 16721.7 16723.9 16730.7 16741.9 16757.9 16773.5 16787.1 16802.8 16817.8 16836.2 16858.6 16882.1 16912.3 16947.5 16994.1 17053.4 17127.9 17217.7 17279.1 17291.1 17209.9 16926.3 16363.5 15502.7 14510.5 13670.6 13281.2 13606 14329.7 14398 14014.3 13689.6 13505.2 13642.4 13768.5 13600.1 13232.9 12981.4 12475.8 11788.7 11655 13049.4 17769.9 21679.8 15034.1 12597.3 13668.1 13105.8 44339 21768.1 9729.96 7648.57 7731.14 9201.77 10634.4 9209.64 8616.49 10083.8 12558.6 15237.7 9696.85 6431.87 9236.47 10073 8459.22 8857.13 14233.1 14479.3 9002.78 5400.82 8464.56 11079.3 12015.6 11774.7 9387.89 6898.84 14891 10626 11290.1 9020.02 10393.9 21159.5 14130.1 9667.95 10166.5 10247.6 9512.25 12682.6 15603.9 33025.5 28990.6 31934.2 15767.2 11837.5 14042.3 21979.1 10608.1 16978 16272.9 10886.4 9765.68 11277.4 13072.5 14366.8 15171.6 15514.7  #recruits; first value is R0 (virgin)
21.6223  21.6224 21.6219 21.6214 21.621 21.6206 21.6146 21.6035 21.5876 21.5671 21.5425 21.5141 21.4824 21.4475 21.4099 21.3698 21.3275 21.2833 21.2373 21.1897 21.1408 21.0907 21.0394 20.9872 20.9341 20.8804 20.8259 20.7709 20.7154 20.6594 20.6031 20.5464 20.4895 20.4323 20.3749 20.3174 20.2597 20.202 20.1442 20.0865 20.0287 19.9711 19.9161 19.7927 19.7325 19.7267 19.7796 19.7997 19.7517 19.7057 19.6076 19.5184 19.4402 19.3115 19.1999 19.0532 18.9447 18.86 18.8118 18.8384 18.5053 18.2996 18.3032 18.1237 17.9048 17.5155 17.2945 17.1929 16.6732 16.1085 15.8942 15.7034 14.8327 14.181 12.5004 11.4188 10.2409 9.71977 9.32816 9.08136 8.57458 8.21583 8.10292 7.65622 7.37455 7.29754 7.0991 6.69603 6.24787 5.87395 5.93296 6.18012 6.38356 6.5639 6.72513 7.06443 7.60561 8.14338 8.34109 8.05859 7.10928 6.00794 5.16565 4.55532 3.6055 2.7706 2.36215 2.24586 1.90226 1.71706 1.64492 1.55124 1.50361 1.36179 1.36382 1.41139 1.46407 1.31453 1.27028 1.35818 1.60368 1.79648 1.87071 1.85148 2.05428 2.30482 2.40435 2.48018 2.62564 2.85102 3.18426 3.14092 2.9669 2.82337 2.67721 2.79437 3.64132 4.99603 6.72985 8.23252 9.39827 10.0272 10.2934 10.2567 10.0925 9.95511 9.97386 9.50336 #spbio; first value is SSB_virgin (virgin)
1 0 0 0 0 0 0 0 0 0 0 0 0 0 0 0 0 0 0 0 0 0 0 0 0 0 0 0 0 0 0 0 0 0 0 0 0 0 0 0 0 0 0 0 0 0 0 0 0 0 0 0 0 0 0 0 0 0 0 0 0 0 0 0 0 0 0 0 0 0 0 0 0 0 0 0 0 0 0 0 0 0 0 0 0 0 0 0 0 0 0 0 0 0 0 0 0 0 0 0 0 0 0 0 0 0 0 0 0 0 0 0 0 0 0 0 0 0 0 0 0 0 0 0 0 0 0 0 0 0 0 0 0 0 0 0 0 0 0 0 0 0 0 0 0 0 0 0  # in Bzero
0 1 1 1 1 1 1 1 1 1 1 1 1 1 1 1 1 1 1 1 1 1 1 1 1 1 1 1 1 1 1 1 1 1 1 1 1 1 1 1 1 1 1 1 1 1 1 1 1 1 1 1 1 1 1 1 1 1 1 1 1 1 1 1 1 1 1 1 1 1 1 1 1 1 1 1 1 1 1 1 1 1 1 1 1 1 1 1 1 1 1 1 1 1 1 1 1 1 1 1 1 1 1 1 1 1 1 1 1 1 1 1 1 1 1 1 1 1 1 1 1 1 1 1 1 1 1 1 1 1 1 1 1 1 1 1 1 1 1 1 1 1 1 1 1  0 0 0 # in R project
0 1 1 1 1 1 1 1 1 1 1 1 1 1 1 1 1 1 1 1 1 1 1 1 1 1 1 1 1 1 1 1 1 1 1 1 1 1 1 1 1 1 1 1 1 1 1 1 1 1 1 1 1 1 1 1 1 1 1 1 1 1 1 1 1 1 1 1 1 1 1 1 1 1 1 1 1 1 1 1 1 1 1 1 1 1 1 1 1 1 1 1 1 1 1 1 1 1 1 1 1 1 1 1 1 1 1 1 1 1 1 1 1 1 1 1 1 1 1 1 1 1 1 1 1 1 1 1 1 1 1 1 1 1 1 1 1 1 1 1 1 1 1 1 1  0 0 0 # in R/S project
# Number of years with pre-specified catches
0
# catches for years with pre-specified catches go next
# Number of future recruitments to override
2
# Process for overiding (-1 for average otherwise index in data list)
2014 1 2014
2015 1 2015
# Which probability to product detailed results for (1=0.5; 2=0.6; etc.)
3
# Steepness sigma-R Auto-correlation
0.8 0.5 0
# Target SPR rate (FMSY Proxy); manually change to SPR_MSY if not using SPR_target
0.3
# Discount rate (for cumulative catch)
0.1
# Truncate the series when 0.4B0 is reached (1=Yes)
0
# Set F to FMSY once 0.4B0 is reached (1=Yes)
0
# Maximum possible F for projection (-1 to set to FMSY)
-1
# Defintion of recovery (1=now only;2=now or before)
2
# Projection type
4
# Definition of the 40-10 rule
10 40
# Sigma Assessment Error (Base, Year1, Slope, MaxSigma)
1.0 2023 0.075 2.0
# Pstar
0.45
# Constrain catches by the ABC (1=yes, 2=no)
2
# Implementation Error (0=no; 1=lognormal; 2=uniform)
0
#Parameters of Implementaion Error
1 0.3
# Calculate coefficients of variation (1=Yes)
0
# Number of replicates to use
10
# Random number seed
-99004
# File with multiple parameter vectors 
rebuild.SSO
# User-specific projection (1=Yes); Output replaced (1->9)
0  5
# Catches and Fs (Year; 1/2/3 (F or C or SPR); value); Final row is -1
2022 1 1
-1 -1 -1
# Fixed catch project (1=Yes); Output replaced (1->9); Approach (-1=Read in else 1-9)
0 2 -1
# (48a) Special catch options (1-Yes) [CUT_OFF, Emsy, distribution, MAXCAT, Add, replace_code]
0 0.18 1.00 1.00 0 6
# (48b) B1Target
150000
# Split of Fs
2015  0.44562
 0.55438
-1  1 1 1 1
# Yrs to define T_target for projection type 4 (a.k.a. 5 pre-specified inputs)
2028 2029 2030 2031 2032 
# Year for probability of recovery
2032 2033 2034 2035 2036 2037 2038 2039
# Time varying weight-at-age (1=Yes;0=No)
0
# File with time series of weight-at-age data
none
# Use bisection (0) or linear interpolation (1)
1
# Target Depletion
0.4
# CV of implementation error
0
